0.76,-0.152,0.359284
0.76,-0.152,0.359284
0.7599,-0.15198,0.359316
0.7597,-0.15194,0.359379
0.7596,-0.15192,0.359411
0.7592,-0.15184,0.359538
0.759,-0.1518,0.359601
0.7584,-0.15168,0.359791
0.7581,-0.15162,0.359886
0.7573,-0.15146,0.36014
0.7568,-0.15136,0.360298
0.7558,-0.15116,0.360615
0.7552,-0.15104,0.360805
0.754,-0.1508,0.361185
0.7533,-0.15066,0.361407
0.7519,-0.15038,0.36185
0.7502,-0.15004,0.362388
0.7485,-0.1497,0.362927
0.7475,-0.1495,0.363244
0.7455,-0.1491,0.363877
0.7444,-0.14888,0.364225
0.7421,-0.14842,0.364954
0.7396,-0.14792,0.365746
0.7383,-0.14766,0.366158
0.7355,-0.1471,0.367044
0.7341,-0.14682,0.367488
0.7309,-0.14618,0.368501
0.7293,-0.14586,0.369008
0.7258,-0.14516,0.370117
0.724,-0.1448,0.370687
0.7202,-0.14404,0.37189
0.7162,-0.14324,0.373157
0.7118,-0.14236,0.374551
0.7096,-0.14192,0.375248
0.7049,-0.14098,0.376736
0.6999,-0.13998,0.37832
0.6946,-0.13892,0.379999
0.689,-0.1378,0.381772
0.686,-0.1372,0.382723
0.68,-0.136,0.384623
0.6736,-0.13472,0.38665
0.6668,-0.13336,0.388804
0.6633,-0.13266,0.389912
0.6561,-0.13122,0.392193
0.6484,-0.12968,0.394632
0.6445,-0.1289,0.395867
0.6363,-0.12726,0.398464
0.6277,-0.12554,0.401188
0.6232,-0.12464,0.402613
0.614,-0.1228,0.405527
0.6044,-0.12088,0.408568
0.5943,-0.11886,0.411767
0.5838,-0.11676,0.415092
0.5728,-0.11456,0.418576
0.5671,-0.11342,0.420382
0.5554,-0.11108,0.424088
0.5433,-0.10866,0.42792
0.537,-0.1074,0.429915
0.5244,-0.10488,0.433906
0.5127,-0.10254,0.437612
0.5074,-0.10148,0.439291
0.4987,-0.09974,0.442046
0.4957,-0.09914,0.442996
0.4941,-0.09882,0.443503
0.4822,-0.09644,0.447272
0.4685,-0.0937,0.451612
0.4624,-0.09248,0.453544
0.4512,-0.09024,0.457091
0.4411,-0.08822,0.46029
0.4363,-0.08726,0.46181
0.4271,-0.08542,0.464724
0.4182,-0.08364,0.467543
0.4138,-0.08276,0.468937
0.4046,-0.08092,0.471851
0.395,-0.079,0.474891
0.3901,-0.07802,0.476443
0.385,-0.077,0.478059
0.3746,-0.07492,0.481353
0.3636,-0.07272,0.484837
0.3523,-0.07046,0.488416
0.3404,-0.06808,0.492185
0.3281,-0.06562,0.496081
0.3217,-0.06434,0.498108
0.309,-0.0618,0.50213
0.3024,-0.06048,0.504221
0.289,-0.0578,0.508465
0.2751,-0.05502,0.512867
0.2679,-0.05358,0.515148
0.2533,-0.05066,0.519772
0.2384,-0.04768,0.524491
0.2308,-0.04616,0.526898
0.2152,-0.04304,0.531839
0.1994,-0.03988,0.536844
0.1831,-0.03662,0.542007
0.1663,-0.03326,0.547328
0.1492,-0.02984,0.552744
0.1318,-0.02636,0.558255
0.1231,-0.02462,0.56101
0.1054,-0.02108,0.566617
0.0874,-0.01748,0.572318
0.0783,-0.01566,0.5752
0.06,-0.012,0.580996
0.0415,-0.0083,0.586856
0.0322,-0.00644,0.589801
0.0136,-0.00272,0.595692
0.0044,-0.00088,0.598606
-0.0142,0.00284,0.595502
-0.0328,0.00656,0.589611
-0.0422,0.00844,0.586634
-0.0696,0.01392,0.577956
-0.0788,0.01576,0.575042
-0.0878,0.01756,0.572191
-0.1057,0.02114,0.566522
-0.1146,0.02292,0.563703
-0.1319,0.02638,0.558223
-0.1487,0.02974,0.552902
-0.1569,0.03138,0.550305
-0.173,0.0346,0.545206
-0.1884,0.03768,0.540328
-0.1959,0.03918,0.537952
-0.2103,0.04206,0.533391
-0.2239,0.04478,0.529084
-0.2303,0.04606,0.527057
-0.2425,0.0485,0.523193
-0.2483,0.04966,0.521356
-0.259,0.0518,0.517967
-0.2639,0.05278,0.516415
-0.273,0.0546,0.513532
-0.2771,0.05542,0.512234
-0.2843,0.05686,0.509953
-0.2903,0.05806,0.508053
-0.2928,0.05856,0.507261
-0.2967,0.05934,0.506026
-0.2992,0.05984,0.505234
-0.2999,0.05998,0.505012
-0.3002,0.06004,0.504917
-0.2998,0.05996,0.505044
-0.2979,0.05958,0.505646
-0.2943,0.05886,0.506786
-0.2919,0.05838,0.507546
-0.2859,0.05718,0.509447
-0.2823,0.05646,0.510587
-0.2739,0.05478,0.513247
-0.269,0.0538,0.514799
-0.2581,0.05162,0.518252
-0.2456,0.04912,0.522211
-0.2387,0.04774,0.524396
-0.2237,0.04474,0.529147
-0.2156,0.04312,0.531713
-0.1982,0.03964,0.537224
-0.1793,0.03586,0.54321
-0.1693,0.03386,0.546377
-0.1481,0.02962,0.553092
-0.1255,0.0251,0.56025
-0.0993,0.01986,0.568549
-0.0843,0.01686,0.5733
-0.0505,0.0101,0.584005
-0.032,0.0064,0.589865
0.0097,-0.00194,0.596928
0.0559,-0.01118,0.582295
0.0808,-0.01616,0.574408
0.1315,-0.0263,0.55835
0.1828,-0.03656,0.542102
0.2085,-0.0417,0.533962
0.2601,-0.05202,0.517618
0.2859,-0.05718,0.509447
0.337,-0.0674,0.493262
0.3877,-0.07754,0.477203
0.4127,-0.08254,0.469285
0.4618,-0.09236,0.453734
0.4859,-0.09718,0.4461
0.5328,-0.10656,0.431246
0.5556,-0.11112,0.424024
0.5995,-0.1199,0.41012
0.6412,-0.12824,0.396912
0.6803,-0.13606,0.384528
0.6988,-0.13976,0.378668
0.7334,-0.14668,0.367709
0.7494,-0.14988,0.362642
0.7788,-0.15576,0.35333
0.7921,-0.15842,0.349117
0.8157,-0.16314,0.341643
0.8353,-0.16706,0.335435
0.8435,-0.1687,0.332837
0.8565,-0.1713,0.32872
0.8613,-0.17226,0.3272
0.8675,-0.1735,0.325236
0.8687,-0.17374,0.324856
0.8677,-0.17354,0.325173
0.8617,-0.17234,0.327073
0.8508,-0.17016,0.330525
0.8349,-0.16698,0.335561
0.8251,-0.16502,0.338665
0.8018,-0.16036,0.346045
0.7883,-0.15766,0.350321
0.7576,-0.15152,0.360045
0.7221,-0.14442,0.371289
0.6819,-0.13638,0.384021
0.6372,-0.12744,0.398179
0.6131,-0.12262,0.405812
0.5619,-0.11238,0.422029
0.5066,-0.10132,0.439544
0.4474,-0.08948,0.458295
0.4165,-0.0833,0.468082
0.3521,-0.07042,0.488479
0.2846,-0.05692,0.509858
0.2497,-0.04994,0.520912
0.1782,-0.03564,0.543559
0.1045,-0.0209,0.566902
0.0669,-0.01338,0.578811
-0.0094,0.00188,0.597023
-0.0868,0.01736,0.572508
-0.165,0.033,0.547739
-0.2035,0.0407,0.535545
-0.2768,0.05536,0.512329
-0.3427,0.06854,0.491456
-0.4016,0.08032,0.472801
-0.428,0.0856,0.464439
-0.4767,0.09534,0.449014
-0.5227,0.10454,0.434445
-0.5445,0.1089,0.42754
-0.5855,0.1171,0.414554
-0.6226,0.12452,0.402803
-0.6395,0.1279,0.397451
-0.67,0.134,0.38779
-0.6956,0.13912,0.379682
-0.7159,0.14318,0.373252
-0.7241,0.14482,0.370655
-0.736,0.1472,0.366886
-0.7419,0.14838,0.365017
-0.7426,0.14852,0.364796
-0.7392,0.14784,0.365872
-0.7293,0.14586,0.369008
-0.7219,0.14438,0.371352
-0.7023,0.14046,0.37756
-0.676,0.1352,0.38589
-0.6604,0.13208,0.390831
-0.6243,0.12486,0.402265
-0.5817,0.11634,0.415758
-0.558,0.1116,0.423264
-0.506,0.1012,0.439734
-0.448,0.0896,0.458105
-0.4167,0.08334,0.468018
-0.3501,0.07002,0.489112
-0.2781,0.05562,0.511917
-0.2402,0.04804,0.523921
-0.161,0.0322,0.549006
-0.0774,0.01548,0.575485
0.0102,-0.00204,0.596769
0.0553,-0.01106,0.582485
0.1475,-0.0295,0.553282
0.2422,-0.04844,0.523288
0.2903,-0.05806,0.508053
0.3871,-0.07742,0.477393
0.4845,-0.0969,0.446544
0.5816,-0.11632,0.415789
0.6297,-0.12594,0.400554
0.7244,-0.14488,0.37056
0.8219,-0.16438,0.339679
0.8925,-0.1785,0.317318
0.9746,-0.19492,0.291314
1.0793,-0.21586,0.258152
1.1314,-0.22628,0.241651
1.2304,-0.24608,0.210294
1.3217,-0.26434,0.181377
1.4046,-0.28092,0.15512
1.4426,-0.28852,0.143084
1.5107,-0.30214,0.121514
1.5681,-0.31362,0.103334
1.614,-0.3228,0.0887962
1.6478,-0.32956,0.0780907
1.6691,-0.33382,0.0713443
1.6748,-0.33496,0.0695389
1.6763,-0.33526,0.0690638
1.6643,-0.33286,0.0728646
1.6388,-0.32776,0.0809412
1.5997,-0.31994,0.0933254
1.5751,-0.31502,0.101117
1.516,-0.3032,0.119836
1.4438,-0.28876,0.142704
1.3589,-0.27178,0.169594
1.2617,-0.25234,0.20038
1.2087,-0.24174,0.217167
1.0944,-0.21888,0.25337
0.9693,-0.19386,0.292993
0.8343,-0.16686,0.335751
0.6899,-0.13798,0.381487
0.6145,-0.1229,0.405369
0.4581,-0.09162,0.454906
0.2947,-0.05894,0.506659
0.125,-0.025,0.560409
-0.0497,0.00994,0.584258
-0.2285,0.0457,0.527627
-0.319,0.0638,0.498963
-0.5009,0.10018,0.441349
-0.6833,0.13666,0.383578
-0.8646,0.17292,0.326154
-1.043,0.2086,0.26965
-1.2168,0.24336,0.214602
-1.3015,0.2603,0.187775
-1.4644,0.29288,0.136179
-1.7452,0.34904,0.0472411
-1.7456,0.34912,0.0471144
-1.8575,0.3715,0.0116722
-1.9506,0.39012,-0.0178155
-2.0278,0.40556,-0.0422671
-2.0892,0.41784,-0.0617144
-2.1339,0.42678,-0.0758723
-2.1618,0.43236,-0.0847091
-2.1697,0.43394,-0.0872113
-2.174,0.4348,-0.0885732
-2.1635,0.4327,-0.0852475
-2.1391,0.42782,-0.0775193
-2.1019,0.42038,-0.0657369
-2.0788,0.41576,-0.0584204
-2.0244,0.40488,-0.0411902
-1.9599,0.39198,-0.0207611
-1.8864,0.37728,0.00251864
-1.8053,0.36106,0.0282055
-1.7179,0.34358,0.0558878
-1.6241,0.32482,0.0855972
-1.5231,0.30462,0.117587
-1.4153,0.28306,0.151731
-1.3592,0.27184,0.169499
-1.2423,0.24846,0.206525
-1.1199,0.22398,0.245293
-0.9922,0.19844,0.28574
-0.8597,0.17194,0.327706
-0.792,0.1584,0.349149
-0.6532,0.13064,0.393111
-0.5106,0.10212,0.438277
-0.2897,0.05794,0.508243
0.016,-0.0032,0.594932
0.1732,-0.03464,0.545142
0.332,-0.0664,0.494845
0.4918,-0.09836,0.444232
0.5716,-0.11432,0.418957
0.7305,-0.1461,0.368628
0.8882,-0.17764,0.31868
1.0438,-0.20876,0.269396
1.1966,-0.23932,0.221
1.2718,-0.25436,0.197182
1.4181,-0.28362,0.150844
1.5592,-0.31184,0.106153
1.6945,-0.3389,0.0632993
1.7594,-0.35188,0.0427435
1.9433,-0.38866,-0.0155034
2.0005,-0.4001,-0.0336204
2.1079,-0.42158,-0.0676373
2.2045,-0.4409,-0.0982335
2.2889,-0.45778,-0.124966
2.3618,-0.47236,-0.148055
2.4242,-0.48484,-0.167819
2.4766,-0.49532,-0.184416
2.5195,-0.5039,-0.198004
2.5376,-0.50752,-0.203737
2.5673,-0.51346,-0.213143
2.589,-0.5178,-0.220017
2.6035,-0.5207,-0.224609
2.6083,-0.52166,-0.226129
2.6133,-0.52266,-0.227713
2.6129,-0.52258,-0.227586
2.6077,-0.52154,-0.225939
2.6036,-0.52072,-0.224641
2.5926,-0.51852,-0.221157
2.5787,-0.51574,-0.216754
2.5712,-0.51424,-0.214379
2.5553,-0.51106,-0.209343
2.5385,-0.5077,-0.204022
2.5298,-0.50596,-0.201266
2.5124,-0.50248,-0.195755
2.495,-0.499,-0.190244
2.4778,-0.49556,-0.184796
2.4693,-0.49386,-0.182104
2.4552,-0.49104,-0.177638
2.4413,-0.48826,-0.173235
2.4259,-0.48518,-0.168358
2.412,-0.4824,-0.163955
2.3992,-0.47984,-0.159901
2.393,-0.4786,-0.157937
2.3807,-0.47614,-0.154041
2.3684,-0.47368,-0.150146
2.3562,-0.47124,-0.146282
2.35,-0.47,-0.144318
2.3379,-0.46758,-0.140485
2.3257,-0.46514,-0.136621
2.3136,-0.46272,-0.132789
2.3076,-0.46152,-0.130888
2.2952,-0.45904,-0.126961
2.2827,-0.45654,-0.123002
2.27,-0.454,-0.118979
2.2635,-0.4527,-0.116921
2.2504,-0.45008,-0.112771
2.2371,-0.44742,-0.108559
2.2236,-0.44472,-0.104283
2.2099,-0.44198,-0.0999438
2.2029,-0.44058,-0.0977267
2.1889,-0.43778,-0.0932925
2.1747,-0.43494,-0.0887949
2.1675,-0.4335,-0.0865144
2.153,-0.4306,-0.0819218
2.1384,-0.42768,-0.0772976
2.1235,-0.4247,-0.0725783
2.1085,-0.4217,-0.0678273
2.101,-0.4202,-0.0654518
2.0857,-0.41714,-0.0606058
2.0704,-0.41408,-0.0557599
2.0626,-0.41252,-0.0532894
2.0313,-0.40626,-0.0433757
2.0153,-0.40306,-0.038308
1.9993,-0.39986,-0.0332403
1.9913,-0.39826,-0.0307064
1.9751,-0.39502,-0.0255754
1.9505,-0.3901,-0.0177838
1.9422,-0.38844,-0.0151549
1.9257,-0.38514,-0.00992889
1.909,-0.3818,-0.00463948
1.8921,-0.37842,0.000713275
1.8837,-0.37674,0.00337382
1.8667,-0.37334,0.00875824
1.8496,-0.36992,0.0141743
1.841,-0.3682,0.0168982
1.8237,-0.36474,0.0223777
1.8062,-0.36124,0.0279205
1.7974,-0.35948,0.0307077
1.7798,-0.35596,0.0362822
1.7619,-0.35238,0.0419517
1.7439,-0.34878,0.0476528
1.7257,-0.34514,0.0534173
1.7165,-0.3433,0.0563312
1.6886,-0.33772,0.065168
1.6697,-0.33394,0.0711542
1.6602,-0.33204,0.0741632
1.6409,-0.32818,0.0802761
1.6214,-0.32428,0.0864524
1.6115,-0.3223,0.089588
1.5916,-0.31832,0.0958909
1.5714,-0.31428,0.102289
1.5508,-0.31016,0.108814
1.5404,-0.30808,0.112108
1.5193,-0.30386,0.118791
1.4979,-0.29958,0.125569
1.4761,-0.29522,0.132473
1.4539,-0.29078,0.139505
1.4312,-0.28624,0.146695
1.4082,-0.28164,0.153979
1.3847,-0.27694,0.161423
1.3607,-0.27214,0.169024
1.3485,-0.2697,0.172888
1.3237,-0.26474,0.180743
1.2985,-0.2597,0.188725
1.2856,-0.25712,0.192811
1.2596,-0.25192,0.201046
1.2329,-0.24658,0.209502
1.2194,-0.24388,0.213778
1.1918,-0.23836,0.22252
1.1637,-0.23274,0.23142
1.1349,-0.22698,0.240542
1.1054,-0.22108,0.249886
1.0752,-0.21504,0.259451
1.0443,-0.20886,0.269238
1.0285,-0.2057,0.274242
0.9965,-0.1993,0.284378
0.9637,-0.19274,0.294766
0.9301,-0.18602,0.305408
0.9129,-0.18258,0.310856
0.878,-0.1756,0.32191
0.8422,-0.16844,0.333249
0.8055,-0.1611,0.344873
0.7678,-0.15356,0.356814
0.7486,-0.14972,0.362895
0.7095,-0.1419,0.375279
0.6694,-0.13388,0.38798
0.6283,-0.12566,0.400998
0.6074,-0.12148,0.407618
0.5647,-0.11294,0.421142
0.5209,-0.10418,0.435015
0.476,-0.0952,0.449236
0.43,-0.086,0.463806
0.4066,-0.08132,0.471217
0.359,-0.0718,0.486294
0.3102,-0.06204,0.50175
0.2603,-0.05206,0.517555
0.2092,-0.04184,0.53374
0.1832,-0.03664,0.541975
0.1304,-0.02608,0.558698
0.0765,-0.0153,0.57577
0.0213,-0.00426,0.593254
-0.035,0.007,0.588914
-0.0924,0.01848,0.570734
-0.1215,0.0243,0.561517
-0.1804,0.03608,0.542862
-0.2402,0.04804,0.523921
-0.2703,0.05406,0.514388
-0.331,0.0662,0.495162
-0.3922,0.07844,0.475778
-0.4538,0.09076,0.456267
-0.4846,0.09692,0.446512
-0.5463,0.10926,0.42697
-0.6078,0.12156,0.407491
-0.6685,0.1337,0.388265
-0.7294,0.14588,0.368976
-0.7888,0.15776,0.350163
-0.8189,0.16378,0.340629
-0.8772,0.17544,0.322164
-0.9349,0.18698,0.303888
-0.9909,0.19818,0.286151
-1.0185,0.2037,0.277409
-1.0725,0.2145,0.260306
-1.1249,0.22498,0.243709
-1.1508,0.23016,0.235506
-1.2006,0.24012,0.219733
-1.2484,0.24968,0.204593
-1.2712,0.25424,0.197372
-1.3158,0.26316,0.183245
-1.3582,0.27164,0.169816
-1.3788,0.27576,0.163291
-1.4173,0.28346,0.151097
-1.4535,0.2907,0.139631
-1.487,0.2974,0.129021
-1.5025,0.3005,0.124112
-1.532,0.3064,0.114768
-1.5587,0.31174,0.106311
-1.5827,0.31654,0.0987098
-1.5938,0.31876,0.0951941
-1.6135,0.3227,0.0889545
-1.6303,0.32606,0.0836335
-1.6374,0.32748,0.0813847
-1.6498,0.32996,0.0774572
-1.6594,0.33188,0.0744166
-1.666,0.3332,0.0723262
-1.6698,0.33396,0.0711226
-1.6708,0.33416,0.0708058
-1.6702,0.33404,0.0709959
-1.6669,0.33338,0.0720411
-1.6607,0.33214,0.0740048
-1.6517,0.33034,0.0768554
-1.6462,0.32924,0.0785974
-1.6332,0.32664,0.0827149
-1.6176,0.32352,0.0876559
-1.6087,0.32174,0.0904748
-1.5883,0.31766,0.0969362
-1.5647,0.31294,0.104411
-1.5377,0.30754,0.112963
-1.5067,0.30134,0.122781
-1.4728,0.29456,0.133519
-1.4356,0.28712,0.145301
-1.3954,0.27908,0.158034
-1.3742,0.27484,0.164748
-1.3298,0.26596,0.178811
-1.2834,0.25668,0.193507
-1.235,0.247,0.208837
-1.1846,0.23692,0.2248
-1.1324,0.22648,0.241334
-1.0781,0.21562,0.258532
-1.0222,0.20444,0.276238
-0.9645,0.1929,0.294513
-0.9348,0.18696,0.30392
-0.8747,0.17494,0.322955
-0.8128,0.16256,0.342561
-0.7492,0.14984,0.362705
-0.6838,0.13676,0.383419
-0.6171,0.12342,0.404545
-0.5484,0.10968,0.426305
-0.4786,0.09572,0.448413
-0.4432,0.08864,0.459625
-0.3711,0.07422,0.482461
-0.2602,0.05204,0.517587
-0.2227,0.04454,0.529464
-0.1463,0.02926,0.553662
-0.0693,0.01386,0.578051
0.0092,-0.00184,0.597086
0.0887,-0.01774,0.571906
0.1693,-0.03386,0.546377
0.2101,-0.04202,0.533455
0.2914,-0.05828,0.507705
0.373,-0.0746,0.481859
0.4547,-0.09094,0.455982
0.5767,-0.11534,0.417341
0.6175,-0.1235,0.404419
0.6977,-0.13954,0.379017
0.7768,-0.15536,0.353963
0.8925,-0.1785,0.317318
0.9677,-0.19354,0.293499
1.0407,-0.20814,0.270378
1.0763,-0.21526,0.259102
1.1452,-0.22904,0.23728
1.2112,-0.24224,0.216375
1.2741,-0.25482,0.196453
1.3336,-0.26672,0.177608
1.3894,-0.27788,0.159934
1.4414,-0.28828,0.143464
1.4893,-0.29786,0.128293
1.533,-0.3066,0.114451
1.5724,-0.31448,0.101972
1.6073,-0.32146,0.0909183
1.6511,-0.33022,0.0770454
1.6635,-0.3327,0.073118
1.6846,-0.33692,0.066435
1.7009,-0.34018,0.0612722
1.7125,-0.3425,0.0575982
1.7194,-0.34388,0.0554127
1.7216,-0.34432,0.0547159
1.7191,-0.34382,0.0555077
1.712,-0.3424,0.0577565
1.7068,-0.34136,0.0594035
1.6929,-0.33858,0.0638061
1.6746,-0.33492,0.0696023
1.6637,-0.33274,0.0730546
1.6425,-0.3285,0.0797693
1.6237,-0.32474,0.0857239
1.6028,-0.32056,0.0923436
1.5757,-0.31514,0.100927
1.5514,-0.31028,0.108624
1.5258,-0.30516,0.116732
1.4986,-0.29972,0.125347
1.4844,-0.29688,0.129845
1.4537,-0.29074,0.139568
1.4194,-0.28388,0.150432
1.4009,-0.28018,0.156292
1.3614,-0.27228,0.168802
1.3186,-0.26372,0.182359
1.2961,-0.25922,0.189485
1.2485,-0.2497,0.204561
1.1978,-0.23956,0.22062
1.1442,-0.22884,0.237596
1.0878,-0.21756,0.25546
1.0585,-0.2117,0.26474
0.9981,-0.19962,0.283871
0.9352,-0.18704,0.303793
0.9029,-0.18058,0.314024
0.8365,-0.1673,0.335055
0.7678,-0.15356,0.356814
0.7326,-0.14652,0.367963
0.661,-0.1322,0.390641
0.5873,-0.11746,0.413984
0.512,-0.1024,0.437834
0.4348,-0.08696,0.462285
0.3562,-0.07124,0.48718
0.276,-0.0552,0.512582
0.1947,-0.03894,0.538332
0.1122,-0.02244,0.564463
0.0289,-0.00578,0.590846
-0.013,0.0026,0.595882
-0.0971,0.01942,0.569245
-0.1817,0.03634,0.54245
-0.224,0.0448,0.529052
-0.3503,0.07006,0.489049
-0.3922,0.07844,0.475778
-0.4752,0.09504,0.449489
-0.5568,0.11136,0.423644
-0.597,0.1194,0.410912
-0.6757,0.13514,0.385985
-0.7521,0.15042,0.361787
-0.8259,0.16518,0.338412
-0.8617,0.17234,0.327073
-0.9306,0.18612,0.30525
-0.9959,0.19918,0.284568
-1.0271,0.20542,0.274686
-1.0862,0.21724,0.255967
-1.141,0.2282,0.23861
-1.191,0.2382,0.222773
-1.2142,0.24284,0.215425
-1.2565,0.2513,0.202027
-1.2934,0.25868,0.19034
-1.3098,0.26196,0.185146
-1.3506,0.27012,0.172223
-1.3612,0.27224,0.168866
-1.3782,0.27564,0.163481
-1.3892,0.27784,0.159997
-1.3942,0.27884,0.158414
-1.3931,0.27862,0.158762
-1.3904,0.27808,0.159617
-1.3729,0.27458,0.16516
-1.3641,0.27282,0.167947
-1.3421,0.26842,0.174915
-1.3141,0.26282,0.183784
-1.2979,0.25958,0.188915
-1.2614,0.25228,0.200476
-1.2192,0.24384,0.213842
-1.1459,0.22918,0.237058
-1.0294,0.20588,0.273957
-0.9635,0.1927,0.29483
-0.9288,0.18576,0.30582
-0.8562,0.17124,0.328815
-0.7794,0.15588,0.35314
-0.6984,0.13968,0.378795
-0.6137,0.12274,0.405622
-0.5254,0.10508,0.43359
-0.4337,0.08674,0.462634
-0.3389,0.06778,0.49266
-0.24,0.048,0.523985
-0.1432,0.02864,0.554644
0.1119,-0.02238,0.564558
0.1268,-0.02536,0.559839
0.17,-0.034,0.546156
0.3066,-0.06132,0.50289
0.4534,-0.09068,0.456394
0.6004,-0.12008,0.409835
0.7467,-0.14934,0.363497
0.8196,-0.16392,0.340407
0.963,-0.1926,0.294988
1.1035,-0.2207,0.250487
1.2406,-0.24812,0.207064
1.3733,-0.27466,0.165033
1.5008,-0.30016,0.12465
1.6223,-0.32446,0.0861673
1.737,-0.3474,0.0498383
1.8442,-0.36884,0.0158847
1.8948,-0.37896,-0.000141899
1.9894,-0.39788,-0.0301047
2.0751,-0.41502,-0.0572485
2.1507,-0.43014,-0.0811934
2.2151,-0.44302,-0.101591
2.2688,-0.45376,-0.118599
2.3126,-0.46252,-0.132472
2.3468,-0.46936,-0.143304
2.372,-0.4744,-0.151286
2.3814,-0.47628,-0.154263
2.3942,-0.47884,-0.158317
2.3996,-0.47992,-0.160028
2.3983,-0.47966,-0.159616
2.391,-0.4782,-0.157304
2.3784,-0.47568,-0.153313
2.3704,-0.47408,-0.150779
2.3513,-0.47026,-0.14473
2.3287,-0.46574,-0.137571
2.3162,-0.46324,-0.133612
2.2895,-0.4579,-0.125156
2.2609,-0.45218,-0.116097
2.2307,-0.44614,-0.106532
2.1995,-0.4399,-0.0966498
2.1678,-0.43356,-0.0866095
2.1519,-0.43038,-0.0815734
2.1203,-0.42406,-0.0715647
2.0893,-0.41786,-0.0617461
2.0591,-0.41182,-0.0521808
2.0301,-0.40602,-0.0429956
2.0025,-0.4005,-0.0342538
1.9893,-0.39786,-0.030073
1.9643,-0.39286,-0.0221547
1.9411,-0.38822,-0.0148065
1.9303,-0.38606,-0.0113858
1.91,-0.382,-0.00495621
1.89,-0.378,0.00137841
1.8698,-0.37396,0.00777638
1.8391,-0.36782,0.0175
1.8287,-0.36574,0.020794
1.7974,-0.35948,0.0307077
1.7868,-0.35736,0.034065
1.7656,-0.35312,0.0407797
1.7442,-0.34884,0.0475578
1.7229,-0.34458,0.0543042
1.7015,-0.3403,0.0610822
1.6802,-0.33604,0.0678286
1.6587,-0.33174,0.0746383
1.6373,-0.32746,0.0814163
1.6157,-0.32314,0.0882577
1.6049,-0.32098,0.0916784
1.5833,-0.31666,0.0985198
1.561,-0.3122,0.105583
1.5415,-0.3083,0.111759
1.5258,-0.30516,0.116732
1.5195,-0.3039,0.118727
1.5102,-0.30204,0.121673
1.4728,-0.29456,0.133519
1.4503,-0.29006,0.140645
1.4276,-0.28552,0.147835
1.4048,-0.28096,0.155056
1.3819,-0.27638,0.162309
1.3704,-0.27408,0.165952
1.3472,-0.26944,0.1733
1.3236,-0.26472,0.180775
1.3115,-0.2623,0.184607
1.2871,-0.25742,0.192336
1.2621,-0.25242,0.200254
1.2365,-0.2473,0.208362
1.2236,-0.24472,0.212448
1.1972,-0.23944,0.22081
1.1702,-0.23404,0.229361
1.1427,-0.22854,0.238071
1.1286,-0.22572,0.242537
1.1001,-0.22002,0.251564
1.0709,-0.21418,0.260813
1.056,-0.2112,0.265532
1.0258,-0.20516,0.275097
0.9948,-0.19896,0.284916
0.9631,-0.19262,0.294956
0.9306,-0.18612,0.30525
0.914,-0.1828,0.310508
0.8804,-0.17608,0.32115
0.8459,-0.16918,0.332077
0.8105,-0.1621,0.34329
0.7743,-0.15486,0.354755
0.7559,-0.15118,0.360583
0.7184,-0.14368,0.37246
0.68,-0.136,0.384623
0.6407,-0.12814,0.39707
0.6004,-0.12008,0.409835
0.5592,-0.11184,0.422884
0.517,-0.1034,0.43625
0.4738,-0.09476,0.449933
0.4297,-0.08594,0.463901
0.3846,-0.07692,0.478185
0.3617,-0.07234,0.485438
0.3151,-0.06302,0.500198
0.2675,-0.0535,0.515274
0.2189,-0.04378,0.530668
0.1693,-0.03386,0.546377
0.1187,-0.02374,0.562404
0.067,-0.0134,0.578779
0.0409,-0.00818,0.587046
-0.0121,0.00242,0.596168
-0.0934,0.01868,0.570417
-0.121,0.0242,0.561676
-0.1766,0.03532,0.544065
-0.2046,0.04092,0.535197
-0.261,0.0522,0.517333
-0.3467,0.06934,0.490189
-0.4032,0.08064,0.472294
-0.4319,0.08638,0.463204
-0.4884,0.09768,0.445309
-0.5449,0.10898,0.427413
-0.6014,0.12028,0.409518
-0.6572,0.13144,0.391844
-0.7121,0.14242,0.374456
-0.7664,0.15328,0.357257
-0.8196,0.16392,0.340407
-0.8714,0.17428,0.324001
-0.9221,0.18442,0.307942
-0.9469,0.18938,0.300087
-1.0184,0.20368,0.277441
-1.064,0.2128,0.262998
-1.1078,0.22156,0.249125
-1.129,0.2258,0.242411
-1.1696,0.23392,0.229551
-1.2077,0.24154,0.217484
-1.2257,0.24514,0.211783
-1.2602,0.25204,0.200856
-1.2921,0.25842,0.190752
-1.3215,0.2643,0.18144
-1.3482,0.26964,0.172983
-1.3607,0.27214,0.169024
-1.3832,0.27664,0.161898
-1.4029,0.28058,0.155658
-1.4115,0.2823,0.152934
-1.4269,0.28538,0.148057
-1.4446,0.28892,0.14245
-1.4489,0.28978,0.141088
-1.4554,0.29108,0.13903
-1.4536,0.29072,0.1396
-1.4405,0.2881,0.143749
-1.4262,0.28524,0.148278
-1.3945,0.2789,0.158319
-1.3773,0.27546,0.163766
-1.3402,0.26804,0.175517
-1.2991,0.25982,0.188535
-1.2539,0.25078,0.202851
-1.2061,0.24122,0.217991
-1.1557,0.23114,0.233954
-1.1299,0.22598,0.242126
-1.076,0.2152,0.259197
-1.02,0.204,0.276934
-0.9618,0.19236,0.295368
-0.9318,0.18636,0.30487
-0.8703,0.17406,0.324349
-0.8071,0.16142,0.344366
-0.7418,0.14836,0.365049
-0.7087,0.14174,0.375533
-0.6407,0.12814,0.39707
-0.5708,0.11416,0.41921
-0.4992,0.09984,0.441888
-0.4259,0.08518,0.465104
-0.3886,0.07772,0.476918
-0.3131,0.06262,0.500832
-0.2362,0.04724,0.525188
-0.1578,0.03156,0.55002
-0.1184,0.02368,0.562499
-0.0383,0.00766,0.587869
0.0431,-0.00862,0.586349
0.1253,-0.02506,0.560314
0.2084,-0.04168,0.533993
0.2503,-0.05006,0.520722
0.334,-0.0668,0.494212
0.4178,-0.08356,0.46767
0.5014,-0.10028,0.441191
0.5845,-0.1169,0.414871
0.6669,-0.13338,0.388772
0.7481,-0.14962,0.363054
0.7881,-0.15762,0.350384
0.8667,-0.17334,0.325489
0.9434,-0.18868,0.301196
1.0177,-0.20354,0.277663
1.0894,-0.21788,0.254953
1.1582,-0.23164,0.233162
1.2238,-0.24476,0.212385
1.2553,-0.25106,0.202408
1.3153,-0.26306,0.183404
1.3712,-0.27424,0.165698
1.423,-0.2846,0.149292
1.4472,-0.28944,0.141627
1.4922,-0.29844,0.127374
1.5324,-0.30648,0.114641
1.5679,-0.31358,0.103397
1.5984,-0.31968,0.0937372
1.6238,-0.32476,0.0856922
1.6442,-0.32884,0.0792309
1.6593,-0.33186,0.0744483
1.6692,-0.33384,0.0713126
1.6739,-0.33478,0.069824
1.6733,-0.33466,0.070014
1.6676,-0.33352,0.0718194
1.6568,-0.33136,0.0752401
1.641,-0.3282,0.0802444
1.6203,-0.32406,0.0868008
1.5948,-0.31896,0.0948774
1.5804,-0.31608,0.0994383
1.548,-0.3096,0.1097
1.5111,-0.30222,0.121388
1.4698,-0.29396,0.134469
1.4244,-0.28488,0.148848
1.375,-0.275,0.164495
1.3216,-0.26432,0.181408
1.2646,-0.25292,0.199462
1.2346,-0.24692,0.208964
1.1724,-0.23448,0.228665
1.1068,-0.22136,0.249442
1.0381,-0.20762,0.271202
0.9664,-0.19328,0.293911
0.8917,-0.17834,0.317571
0.8143,-0.16286,0.342086
0.7343,-0.14686,0.367424
0.652,-0.1304,0.393491
0.5673,-0.11346,0.420319
0.5243,-0.10486,0.433938
0.4368,-0.08736,0.461652
0.3475,-0.0695,0.489936
0.258,-0.0516,0.518283
0.1757,-0.03514,0.54435
0.1384,-0.02768,0.556164
0.1204,-0.02408,0.561866
-0.0699,0.01398,0.577861
-0.1285,0.0257,0.5593
-0.1861,0.03722,0.541056
-0.2433,0.04866,0.522939
-0.2998,0.05996,0.505044
-0.3555,0.0711,0.487402
-0.3829,0.07658,0.478724
-0.4366,0.08732,0.461715
-0.4887,0.09774,0.445214
-0.539,0.1078,0.429282
-0.5873,0.11746,0.413984
-0.6332,0.12664,0.399446
-0.6764,0.13528,0.385763
-0.7167,0.14334,0.372999
-0.754,0.1508,0.361185
-0.7878,0.15756,0.350479
-0.818,0.1636,0.340914
-0.8445,0.1689,0.332521
-0.8669,0.17338,0.325426
-0.8851,0.17702,0.319661
-0.899,0.1798,0.315259
-0.9085,0.1817,0.31225
-0.9134,0.18268,0.310698
-0.9141,0.18282,0.310476
-0.9091,0.18182,0.31206
-0.8998,0.17996,0.315005
-0.8824,0.17648,0.320517
-0.8378,0.16756,0.334643
-0.7647,0.15294,0.357796
-0.6782,0.13564,0.385193
-0.5869,0.11738,0.414111
-0.4914,0.09828,0.444358
-0.392,0.0784,0.475841
-0.289,0.0578,0.508465
-0.1829,0.03658,0.54207
-0.0739,0.01478,0.576594
0.0942,-0.01884,0.570164
0.2088,-0.04176,0.533867
0.3248,-0.06496,0.497126
0.4415,-0.0883,0.460163
0.5581,-0.11162,0.423232
0.6739,-0.13478,0.386555
0.7883,-0.15766,0.350321
0.9004,-0.18008,0.314815
1.0094,-0.20188,0.280292
1.1148,-0.22296,0.246908
1.2156,-0.24312,0.214982
1.3114,-0.26228,0.184639
1.4013,-0.28026,0.156165
1.4847,-0.29694,0.129749
1.561,-0.3122,0.105583
1.6296,-0.32592,0.0838552
1.6901,-0.33802,0.0646929
1.7421,-0.34842,0.0482229
1.7853,-0.35706,0.0345401
1.8193,-0.36386,0.0237713
1.8439,-0.36878,0.0159797
1.859,-0.3718,0.0111971
1.8671,-0.37342,0.00863155
1.9617,-0.39234,-0.0213312
1.9117,-0.38234,-0.00549465
1.9398,-0.38796,-0.0143948
1.9617,-0.39234,-0.0213312
1.998,-0.3996,-0.0328285
2.0341,-0.40682,-0.0442625
2.0462,-0.40924,-0.048095
2.0494,-0.40988,-0.0491085
2.0447,-0.40894,-0.0476199
2.0397,-0.40794,-0.0460362
2.025,-0.405,-0.0413803
2.0049,-0.40098,-0.035014
1.9803,-0.39606,-0.0272224
1.9519,-0.39038,-0.0182272
1.9203,-0.38406,-0.00821854
1.8855,-0.3771,0.0028037
1.848,-0.3696,0.0146811
1.8074,-0.36148,0.0275404
1.7638,-0.35276,0.0413499
1.7175,-0.3435,0.0560145
1.6685,-0.3337,0.0715343
1.6167,-0.32334,0.087941
1.5625,-0.3125,0.105108
1.5059,-0.30118,0.123035
1.4471,-0.28942,0.141659
1.3861,-0.27722,0.160979
1.323,-0.2646,0.180965
1.2579,-0.25158,0.201584
1.191,-0.2382,0.222773
1.1223,-0.22446,0.244533
1.0515,-0.2103,0.266957
1.0157,-0.20314,0.278296
0.9427,-0.18854,0.301418
0.8679,-0.17358,0.325109
0.7916,-0.15832,0.349276
0.7135,-0.1427,0.374012
0.64,-0.128,0.397292
0.5801,-0.11602,0.416264
0.5077,-0.10154,0.439196
0.4771,-0.09542,0.448888
0.3919,-0.07838,0.475873
0.3378,-0.06756,0.493008
0.2828,-0.05656,0.510428
0.2271,-0.04542,0.52807
0.1705,-0.0341,0.545997
0.1132,-0.02264,0.564146
0.0552,-0.01104,0.582516
-0.0032,0.00064,0.598986
-0.062,0.0124,0.580363
-0.0916,0.01832,0.570987
-0.1506,0.03012,0.5523
-0.2098,0.04196,0.53355
-0.298,0.0596,0.505614
-0.3565,0.0713,0.487085
-0.4142,0.08284,0.46881
-0.4709,0.09418,0.450851
-0.5264,0.10528,0.433273
-0.5803,0.11606,0.416201
-0.6324,0.12648,0.399699
-0.6578,0.13156,0.391654
-0.7068,0.14136,0.376135
-0.7534,0.15068,0.361375
-0.7976,0.15952,0.347375
-0.8187,0.16374,0.340692
-0.8586,0.17172,0.328055
-0.8954,0.17908,0.316399
-0.929,0.1858,0.305757
-0.9444,0.18888,0.300879
-0.9727,0.19454,0.291916
-0.9974,0.19948,0.284093
-1.0183,0.20366,0.277473
-1.0273,0.20546,0.274622
-1.0424,0.20848,0.26984
-1.0534,0.21068,0.266356
-1.0604,0.21208,0.264138
-1.0632,0.21264,0.263252
-1.0618,0.21236,0.263695
-1.0562,0.21124,0.265469
-1.0464,0.20928,0.268573
-1.0324,0.20648,0.273007
-1.0238,0.20476,0.275731
-1.0036,0.20072,0.282129
-0.9792,0.19584,0.289857
-0.9508,0.19016,0.298852
-0.9352,0.18704,0.303793
-0.9009,0.18018,0.314657
-0.8627,0.17254,0.326756
-0.8205,0.1641,0.340122
-0.795,0.159,0.348199
-0.7313,0.14626,0.368375
-0.6269,0.12538,0.401441
-0.4912,0.09824,0.444422
-0.3449,0.06898,0.490759
-0.1955,0.0391,0.538079
-0.0435,0.0087,0.586222
0.0331,-0.00662,0.589516
0.188,-0.0376,0.540455
0.3443,-0.06886,0.49095
0.5016,-0.10032,0.441128
0.659,-0.1318,0.391274
0.7376,-0.14752,0.366379
0.893,-0.1786,0.317159
1.0462,-0.20924,0.268636
1.1216,-0.22432,0.244755
1.2697,-0.25394,0.197847
1.3423,-0.26846,0.174852
1.4834,-0.29668,0.130161
1.619,-0.3238,0.0872125
1.6845,-0.3369,0.0664666
1.8102,-0.36204,0.0266535
1.9287,-0.38574,-0.0108791
1.9851,-0.39702,-0.0287427
2.0907,-0.41814,-0.0621895
2.1862,-0.43724,-0.0924373
2.2298,-0.44596,-0.106247
2.3087,-0.46174,-0.131237
2.3774,-0.47548,-0.152996
2.4363,-0.48726,-0.171652
2.4622,-0.49244,-0.179855
2.5069,-0.50138,-0.194013
2.5429,-0.50858,-0.205415
2.5709,-0.51418,-0.214284
2.582,-0.5164,-0.217799
2.5989,-0.51978,-0.223152
2.6094,-0.52188,-0.226478
2.6125,-0.5225,-0.22746
2.6152,-0.52304,-0.228315
2.5742,-0.51484,-0.215329
2.6475,-0.5295,-0.238545
2.6229,-0.52458,-0.230754
2.6212,-0.52424,-0.230215
2.6186,-0.52372,-0.229392
2.6184,-0.52368,-0.229328
2.6193,-0.52386,-0.229614
2.6193,-0.52386,-0.229614
2.6175,-0.5235,-0.229043
2.6138,-0.52276,-0.227871
2.6088,-0.52176,-0.226288
2.6058,-0.52116,-0.225338
2.5993,-0.51986,-0.223279
2.5922,-0.51844,-0.22103
2.5848,-0.51696,-0.218686
2.5811,-0.51622,-0.217514
2.5739,-0.51478,-0.215234
2.5665,-0.5133,-0.21289
2.5589,-0.51178,-0.210483
2.5549,-0.51098,-0.209216
2.5466,-0.50932,-0.206587
2.538,-0.5076,-0.203863
2.5291,-0.50582,-0.201044
2.5245,-0.5049,-0.199587
2.5151,-0.50302,-0.19661
2.5054,-0.50108,-0.193538
2.4954,-0.49908,-0.190371
2.4903,-0.49806,-0.188755
2.4799,-0.49598,-0.185461
2.4693,-0.49386,-0.182104
2.4639,-0.49278,-0.180394
2.4529,-0.49058,-0.176909
2.4473,-0.48946,-0.175136
2.436,-0.4872,-0.171557
2.4245,-0.4849,-0.167914
2.4187,-0.48374,-0.166077
2.4069,-0.48138,-0.16234
2.3949,-0.47898,-0.158539
2.3828,-0.47656,-0.154707
2.3767,-0.47534,-0.152775
2.3643,-0.47286,-0.148847
2.3581,-0.47162,-0.146883
2.3455,-0.4691,-0.142893
2.3392,-0.46784,-0.140897
2.3264,-0.46528,-0.136843
2.3135,-0.4627,-0.132757
2.307,-0.4614,-0.130698
2.294,-0.4588,-0.126581
2.2808,-0.45616,-0.1224
2.2675,-0.4535,-0.118188
2.2609,-0.45218,-0.116097
2.2475,-0.4495,-0.111853
2.2408,-0.44816,-0.109731
2.2273,-0.44546,-0.105455
2.2137,-0.44274,-0.101147
2.2069,-0.44138,-0.0989936
2.1932,-0.43864,-0.0946544
2.1794,-0.43588,-0.0902835
2.1656,-0.43312,-0.0859127
2.1586,-0.43172,-0.0836955
2.1446,-0.42892,-0.0792613
2.1306,-0.42612,-0.0748271
2.1165,-0.4233,-0.0703612
2.1024,-0.42048,-0.0658953
2.0953,-0.41906,-0.0636465
2.0811,-0.41622,-0.0591489
2.0668,-0.41336,-0.0546196
2.0524,-0.41048,-0.0500587
2.0452,-0.40904,-0.0477782
2.038,-0.4076,-0.0454978
2.0236,-0.40472,-0.0409369
2.0091,-0.40182,-0.0363443
2.0018,-0.40036,-0.0340321
1.9872,-0.39744,-0.0294078
1.9726,-0.39452,-0.0247836
1.9579,-0.39158,-0.0201276
1.9432,-0.38864,-0.0154717
1.9284,-0.38568,-0.0107841
1.921,-0.3842,-0.00844025
1.9061,-0.38122,-0.00372096
1.8911,-0.37822,0.00103001
1.8761,-0.37522,0.00578097
1.8686,-0.37372,0.00815645
1.8536,-0.37072,0.0129074
1.846,-0.3692,0.0153146
1.8309,-0.36618,0.0200972
1.8157,-0.36314,0.0249115
1.808,-0.3616,0.0273504
1.7926,-0.35852,0.032228
1.7693,-0.35386,0.0396078
1.7615,-0.3523,0.0420783
1.7457,-0.34914,0.0470827
1.7298,-0.34596,0.0521187
1.7218,-0.34436,0.0546526
1.7056,-0.34112,0.0597836
1.6974,-0.33948,0.0623808
1.681,-0.3362,0.0675752
1.6642,-0.33284,0.0728963
1.6558,-0.33116,0.0755568
1.6387,-0.32774,0.0809729
1.6301,-0.32602,0.0836968
1.6126,-0.32252,0.0892396
1.6038,-0.32076,0.0920268
1.5859,-0.31718,0.0976963
1.5769,-0.31538,0.100547
1.5586,-0.31172,0.106343
1.5399,-0.30798,0.112266
1.5305,-0.3061,0.115243
1.5114,-0.30228,0.121293
1.5016,-0.30032,0.124397
1.4819,-0.29638,0.130636
1.4617,-0.29234,0.137034
1.4515,-0.2903,0.140265
1.4307,-0.28614,0.146853
1.4095,-0.2819,0.153568
1.3877,-0.27754,0.160472
1.3656,-0.27312,0.167472
1.3543,-0.27086,0.171051
1.3314,-0.26628,0.178304
1.308,-0.2616,0.185716
1.2961,-0.25922,0.189485
1.2719,-0.25438,0.19715
1.2596,-0.25192,0.201046
1.2345,-0.2469,0.208996
1.2088,-0.24176,0.217136
1.1825,-0.2365,0.225466
1.1691,-0.23382,0.22971
1.1418,-0.22836,0.238357
1.1138,-0.22276,0.247225
1.0996,-0.21992,0.251723
1.0705,-0.2141,0.260939
1.0557,-0.21114,0.265627
1.0255,-0.2051,0.275192
0.9945,-0.1989,0.285011
0.9627,-0.19254,0.295083
0.9465,-0.1893,0.300214
0.9134,-0.18268,0.310698
0.8794,-0.17588,0.321467
0.8444,-0.16888,0.332552
0.8266,-0.16532,0.33819
0.7903,-0.15806,0.349687
0.753,-0.1506,0.361502
0.7339,-0.14678,0.367551
0.6951,-0.13902,0.37984
0.6575,-0.1315,0.391749
0.6402,-0.12804,0.397229
0.6091,-0.12182,0.407079
0.5956,-0.11912,0.411355
0.5743,-0.11486,0.418101
0.5514,-0.11028,0.425355
0.51,-0.102,0.438467
0.4969,-0.09938,0.442616
0.4687,-0.09374,0.451548
0.4553,-0.09106,0.455792
0.4295,-0.0859,0.463964
0.4051,-0.08102,0.471692
0.3932,-0.07864,0.475461
0.3703,-0.07406,0.482715
0.3476,-0.06952,0.489904
0.3361,-0.06722,0.493547
0.3126,-0.06252,0.50099
0.2884,-0.05768,0.508655
0.2761,-0.05522,0.512551
0.251,-0.0502,0.520501
0.2254,-0.04508,0.528609
0.2123,-0.04246,0.532758
0.1857,-0.03714,0.541183
0.1586,-0.03172,0.549766
0.1448,-0.02896,0.554137
0.1169,-0.02338,0.562974
0.0884,-0.01768,0.572001
0.0594,-0.01188,0.581186
0.0447,-0.00894,0.585842
0.0151,-0.00302,0.595217
0.0001,-2e-05,0.599968
-0.0302,0.00604,0.590435
-0.0608,0.01216,0.580743
-0.0915,0.0183,0.571019
-0.1227,0.02454,0.561137
-0.1382,0.02764,0.556228
-0.1695,0.0339,0.546314
-0.1848,0.03696,0.541468
-0.2161,0.04322,0.531554
-0.2315,0.0463,0.526677
-0.2627,0.05254,0.516795
-0.2779,0.05558,0.51198
-0.3087,0.06174,0.502225
-0.3238,0.06476,0.497443
-0.354,0.0708,0.487877
-0.3835,0.0767,0.478534
-0.3981,0.07962,0.473909
-0.4268,0.08536,0.464819
-0.4546,0.09092,0.456014
-0.4817,0.09634,0.447431
-0.4951,0.09902,0.443186
-0.5208,0.10416,0.435046
-0.5331,0.10662,0.431151
-0.557,0.1114,0.423581
-0.5687,0.11374,0.419875
-0.5909,0.11818,0.412844
-0.6013,0.12026,0.40955
-0.6213,0.12426,0.403215
-0.6399,0.12798,0.397324
-0.6569,0.13138,0.391939
-0.6722,0.13444,0.387093
-0.6859,0.13718,0.382754
-0.6977,0.13954,0.379017
-0.7077,0.14154,0.375849
-0.712,0.1424,0.374488
-0.719,0.1438,0.37227
-0.724,0.1448,0.370687
-0.7257,0.14514,0.370148
-0.7269,0.14538,0.369768
-0.7277,0.14554,0.369515
-0.7263,0.14526,0.369958
-0.7227,0.14454,0.371099
-0.7201,0.14402,0.371922
-0.7131,0.14262,0.374139
-0.7039,0.14078,0.377053
-0.6985,0.1397,0.378763
-0.6859,0.13718,0.382754
-0.6787,0.13574,0.385035
-0.6627,0.13254,0.390102
-0.6538,0.13076,0.392921
-0.6344,0.12688,0.399066
-0.6127,0.12254,0.405939
-0.5886,0.11772,0.413572
-0.5624,0.11248,0.42187
-0.5478,0.10956,0.426495
-0.509,0.1018,0.438784
-0.4577,0.09154,0.455032
-0.418,0.0836,0.467606
-0.3348,0.06696,0.493958
-0.286,0.0572,0.509415
-0.1831,0.03662,0.542007
-0.0783,0.01566,0.5752
0.0283,-0.00566,0.591037
0.0821,-0.01642,0.573996
0.1905,-0.0381,0.539663
0.2998,-0.05996,0.505044
0.4096,-0.08192,0.470267
0.4647,-0.09294,0.452815
0.574,-0.1148,0.418196
0.6826,-0.13652,0.383799
0.7897,-0.15794,0.349878
0.8425,-0.1685,0.333154
0.9463,-0.18926,0.300277
1.0474,-0.20948,0.268256
1.0969,-0.21938,0.252578
1.1928,-0.23856,0.222203
1.2847,-0.25694,0.193096
1.3724,-0.27448,0.165318
1.4144,-0.28288,0.152016
1.4943,-0.29886,0.126709
1.5687,-0.31374,0.103144
1.6373,-0.32746,0.0814163
1.6998,-0.33996,0.0616206
1.7286,-0.34572,0.0524988
1.7812,-0.35624,0.0358387
1.827,-0.3654,0.0213325
1.8659,-0.37318,0.00901163
1.8826,-0.37652,0.00372222
1.9108,-0.38216,-0.00520959
1.9318,-0.38636,-0.0118609
1.9455,-0.3891,-0.0162002
1.9521,-0.39042,-0.0182906
1.9516,-0.39032,-0.0181322
1.949,-0.3898,-0.0173087
1.9388,-0.38776,-0.0140781
1.9314,-0.38628,-0.0117343
1.9124,-0.38248,-0.00571636
1.888,-0.3776,0.00201187
1.8584,-0.37168,0.0113871
1.8417,-0.36834,0.0166765
1.8055,-0.3611,0.0281422
1.7685,-0.3537,0.0398612
1.75,-0.35,0.0457207
1.7166,-0.34332,0.0562996
1.6984,-0.33968,0.0620641
1.6674,-0.33348,0.0718827
1.6336,-0.32672,0.0825882
1.5955,-0.3191,0.0946557
1.5749,-0.31498,0.10118
1.5309,-0.30618,0.115117
1.5074,-0.30148,0.12256
1.4576,-0.29152,0.138333
1.4041,-0.28082,0.155278
1.347,-0.2694,0.173363
1.2865,-0.2573,0.192526
1.2551,-0.25102,0.202471
1.1898,-0.23796,0.223153
1.1215,-0.2243,0.244786
1.0862,-0.21724,0.255967
1.0137,-0.20274,0.27893
0.9386,-0.18772,0.302716
0.8609,-0.17218,0.327326
0.8212,-0.16424,0.339901
0.7402,-0.14804,0.365556
0.6569,-0.13138,0.391939
0.5717,-0.11434,0.418925
0.4845,-0.0969,0.446544
0.4403,-0.08806,0.460543
0.3508,-0.07016,0.488891
0.26,-0.052,0.51765
0.2141,-0.04282,0.532188
0.1215,-0.0243,0.561517
0.028,-0.0056,0.591132
-0.019,0.0038,0.593982
-0.1134,0.02268,0.564083
-0.2078,0.04156,0.534183
-0.3314,0.06628,0.495035
-0.355,0.071,0.48756
-0.3792,0.07584,0.479896
-0.4283,0.08566,0.464344
-0.4738,0.09476,0.449933
-0.4959,0.09918,0.442933
-0.5385,0.1077,0.42944
-0.5792,0.11584,0.416549
-0.6177,0.12354,0.404355
-0.636,0.1272,0.398559
-0.6707,0.13414,0.387569
-0.7027,0.14054,0.377433
-0.7176,0.14352,0.372714
-0.7451,0.14902,0.364004
-0.7694,0.15388,0.356307
-0.7903,0.15806,0.349687
-0.7996,0.15992,0.346742
-0.8152,0.16304,0.341801
-0.8272,0.16544,0.338
-0.8317,0.16634,0.336575
-0.838,0.1676,0.334579
-0.8403,0.16806,0.333851
-0.8386,0.16772,0.334389
-0.8329,0.16658,0.336195
-0.8231,0.16462,0.339299
-0.8092,0.16184,0.343701
-0.8007,0.16014,0.346393
-0.7807,0.15614,0.352728
-0.7566,0.15132,0.360361
-0.7284,0.14568,0.369293
-0.6963,0.13926,0.37946
-0.6787,0.13574,0.385035
-0.6407,0.12814,0.39707
-0.599,0.1198,0.410278
-0.5537,0.11074,0.424626
-0.5047,0.10094,0.440146
-0.4524,0.09048,0.456711
-0.4251,0.08502,0.465358
-0.3681,0.07362,0.483411
-0.3384,0.06768,0.492818
-0.2771,0.05542,0.512234
-0.2131,0.04262,0.532505
-0.1467,0.02934,0.553536
-0.078,0.0156,0.575295
-0.0074,0.00148,0.597656
0.0649,-0.01298,0.579444
0.1386,-0.02772,0.556101
0.2134,-0.04268,0.53241
0.251,-0.0502,0.520501
0.3264,-0.06528,0.496619
0.4017,-0.08034,0.472769
0.4766,-0.09532,0.449046
0.553,-0.1106,0.424848
0.6364,-0.12728,0.398432
0.7294,-0.14588,0.368976
0.7772,-0.15544,0.353837
0.8831,-0.17662,0.320295
0.9887,-0.19774,0.286848
1.04,-0.208,0.2706
1.1392,-0.22784,0.23918
1.2333,-0.24666,0.209376
1.3217,-0.26434,0.181377
1.3636,-0.27272,0.168106
1.4421,-0.28842,0.143242
1.5134,-0.30268,0.120659
1.577,-0.3154,0.100515
1.6325,-0.3265,0.0829366
1.6571,-0.33142,0.0751451
1.6995,-0.3399,0.0617157
1.7328,-0.34656,0.0511685
1.7569,-0.35138,0.0435353
1.7716,-0.35432,0.0388794
1.7753,-0.35506,0.0377075
1.7757,-0.35514,0.0375808
1.7664,-0.35328,0.0405264
1.7476,-0.34952,0.0464809
1.7194,-0.34388,0.0554127
1.6819,-0.33638,0.0672901
1.6597,-0.33194,0.0743216
1.6089,-0.32178,0.0904115
1.5493,-0.30986,0.109289
1.4814,-0.29628,0.130795
1.4054,-0.28108,0.154866
1.3217,-0.26434,0.181377
1.2307,-0.24614,0.210199
1.1826,-0.23652,0.225434
1.0815,-0.2163,0.257455
0.9756,-0.19512,0.290997
0.8807,-0.17614,0.321055
0.7773,-0.15546,0.353805
0.681,-0.1362,0.384306
0.5864,-0.11728,0.414269
0.49,-0.098,0.444802
0.3899,-0.07798,0.476507
0.3386,-0.06772,0.492755
0.2341,-0.04682,0.525853
0.1809,-0.03618,0.542703
0.073,-0.0146,0.576879
-0.0368,0.00736,0.588344
-0.1478,0.02956,0.553187
-0.2597,0.05194,0.517745
-0.3718,0.07436,0.482239
-0.4277,0.08554,0.464534
-0.5383,0.10766,0.429504
-0.6471,0.12942,0.395043
-0.7006,0.14012,0.378098
-0.8049,0.16098,0.345063
-0.9054,0.18108,0.313232
-1.0014,0.20028,0.282826
-1.0921,0.21842,0.254098
-1.1769,0.23538,0.227239
-1.2169,0.24338,0.21457
-1.3256,0.26512,0.180141
-1.358,0.2716,0.169879
-1.4164,0.28328,0.151382
-1.4661,0.29322,0.135641
-1.5067,0.30134,0.122781
-1.5235,0.3047,0.11746
-1.5497,0.30994,0.109162
-1.5661,0.31322,0.103968
-1.5705,0.3141,0.102574
-1.5717,0.31434,0.102194
-1.5627,0.31254,0.105044
-1.5435,0.3087,0.111126
-1.5142,0.30284,0.120406
-1.4748,0.29496,0.132885
-1.4257,0.28514,0.148437
-1.3669,0.27338,0.16706
-1.2988,0.25976,0.18863
-1.2217,0.24434,0.21305
-1.1798,0.23596,0.226321
-1.09,0.218,0.254763
-0.9922,0.19844,0.28574
-0.8868,0.17736,0.319123
-0.7743,0.15486,0.354755
-0.7155,0.1431,0.373379
-0.5934,0.11868,0.412052
-0.4655,0.0931,0.452562
-0.3322,0.06644,0.494782
-0.1937,0.03874,0.538649
-0.058,0.0116,0.58163
0.1674,-0.03348,0.546979
0.22,-0.044,0.530319
0.3714,-0.07428,0.482366
0.5452,-0.10904,0.427318
0.7251,-0.14502,0.370338
0.9064,-0.18128,0.312915
1.0857,-0.21714,0.256125
1.2615,-0.2523,0.200444
1.4326,-0.28652,0.146251
1.516,-0.3032,0.119836
1.6771,-0.33542,0.0688104
1.83,-0.366,0.0203823
1.9737,-0.39474,-0.025132
2.1071,-0.42142,-0.0673839
2.2283,-0.44566,-0.105772
2.3355,-0.4671,-0.139725
2.3836,-0.47672,-0.15496
2.4688,-0.49376,-0.181945
2.5397,-0.50794,-0.204402
2.5966,-0.51932,-0.222424
2.6402,-0.52804,-0.236233
2.671,-0.5342,-0.245989
2.6818,-0.53636,-0.249409
2.6947,-0.53894,-0.253495
2.6967,-0.53934,-0.254128
2.6888,-0.53776,-0.251626
2.6719,-0.53438,-0.246274
2.6471,-0.52942,-0.238419
2.6153,-0.52306,-0.228347
2.5774,-0.51548,-0.216342
2.5566,-0.51132,-0.209754
2.5116,-0.50232,-0.195502
2.4628,-0.49256,-0.180045
2.411,-0.4822,-0.163638
2.3843,-0.47686,-0.155182
2.3296,-0.46592,-0.137857
2.2739,-0.45478,-0.120215
2.2458,-0.44916,-0.111314
2.1896,-0.43792,-0.0935142
2.1338,-0.42676,-0.0758406
2.0786,-0.41572,-0.0583571
2.0514,-0.41028,-0.049742
1.9983,-0.39966,-0.0329236
1.9222,-0.38444,-0.00882033
1.8979,-0.37958,-0.00112376
1.8513,-0.37026,0.0136359
1.8072,-0.36144,0.0276037
1.7652,-0.35304,0.0409064
1.744,-0.3488,0.0476211
1.7014,-0.34028,0.0611139
1.6582,-0.33164,0.0747967
1.6146,-0.32292,0.0886061
1.5704,-0.31408,0.102606
1.5256,-0.30512,0.116795
1.503,-0.3006,0.123953
1.4574,-0.29148,0.138396
1.4112,-0.28224,0.153029
1.3879,-0.27758,0.160409
1.3408,-0.26816,0.175327
1.2929,-0.25858,0.190498
1.2444,-0.24888,0.20586
1.1951,-0.23902,0.221475
1.145,-0.229,0.237343
1.1197,-0.22394,0.245356
1.0684,-0.21368,0.261605
1.0162,-0.20324,0.278138
0.9631,-0.19262,0.294956
0.9091,-0.18182,0.31206
0.854,-0.1708,0.329512
0.8261,-0.16522,0.338349
0.7696,-0.15392,0.356244
0.712,-0.1424,0.374488
0.6828,-0.13656,0.383736
0.5936,-0.11872,0.411988
0.5325,-0.1065,0.431341
0.5016,-0.10032,0.441128
0.4389,-0.08778,0.460987
0.375,-0.075,0.481226
0.31,-0.062,0.501813
0.2436,-0.04872,0.522844
0.176,-0.0352,0.544255
0.1072,-0.02144,0.566046
0.0723,-0.01446,0.5771
0.0017,-0.00034,0.599462
-0.0701,0.01402,0.577797
-0.1433,0.02866,0.554612
-0.2175,0.0435,0.531111
-0.2549,0.05098,0.519265
-0.3303,0.06606,0.495384
-0.406,0.0812,0.471407
-0.4816,0.09632,0.447462
-0.558,0.1116,0.423264
-0.6333,0.12666,0.399414
-0.6719,0.13438,0.387188
-0.7463,0.14926,0.363624
-0.7837,0.15674,0.351778
-0.8575,0.1715,0.328403
-0.9305,0.1861,0.305282
-1.0025,0.2005,0.282477
-1.0383,0.20766,0.271138
-1.1076,0.22152,0.249189
-1.1416,0.22832,0.23842
-1.2082,0.24164,0.217326
-1.2731,0.25462,0.19677
-1.3358,0.26716,0.176911
-1.3666,0.27332,0.167155
-1.4254,0.28508,0.148532
-1.4819,0.29638,0.130636
-1.5087,0.30174,0.122148
-1.5355,0.3071,0.11366
-1.5861,0.31722,0.097633
-1.6337,0.32674,0.0825566
-1.6561,0.33122,0.0754618
-1.699,0.3398,0.061874
-1.7387,0.34774,0.0492998
-1.7577,0.35154,0.0432819
-1.7924,0.35848,0.0322914
-1.8238,0.36476,0.022346
-1.8518,0.37036,0.0134775
-1.8642,0.37284,0.00955007
-1.8871,0.37742,0.00229693
-1.9064,0.38128,-0.00381598
-1.9224,0.38448,-0.00888367
-1.935,0.387,-0.0128745
-1.9443,0.38886,-0.0158201
-1.9503,0.39006,-0.0177205
-1.9531,0.39062,-0.0186073
-1.9535,0.3907,-0.018734
-1.9522,0.39044,-0.0183223
-1.9481,0.38962,-0.0170237
-1.9419,0.38838,-0.0150599
-1.9381,0.38762,-0.0138564
-1.9293,0.38586,-0.0110691
-1.9244,0.38488,-0.00951714
-1.9139,0.38278,-0.00619146
-1.9024,0.38048,-0.00254905
-1.8903,0.37806,0.00128339
-1.8777,0.37554,0.0052742
-1.8644,0.37288,0.00948672
-1.85,0.37,0.0140476
-1.8346,0.36692,0.0189253
-1.8182,0.36364,0.0241197
-1.8008,0.36016,0.0296308
-1.7826,0.35652,0.0353953
-1.7732,0.35464,0.0383726
-1.7537,0.35074,0.0445488
-1.7334,0.34668,0.0509785
-1.7123,0.34246,0.0576615
-1.6903,0.33806,0.0646296
-1.6675,0.3335,0.0718511
-1.6558,0.33116,0.0755568
-1.6319,0.32638,0.0831267
-1.6071,0.32142,0.0909816
-1.5816,0.31632,0.0990583
-1.5545,0.3109,0.107642
-1.5248,0.30496,0.117049
-1.4929,0.29858,0.127152
-1.4592,0.29184,0.137826
-1.4246,0.28492,0.148785
-1.4073,0.28146,0.154264
-1.3734,0.27468,0.165002
-1.3419,0.26838,0.174979
-1.3149,0.26298,0.18353
-1.2951,0.25902,0.189802
-1.2852,0.25704,0.192937
-1.2885,0.2577,0.191892
-1.2552,0.25104,0.202439
-1.1555,0.2311,0.234017
-1.227,0.2454,0.211371
-1.1627,0.23254,0.231737
-1.098,0.2196,0.252229
-1.0328,0.20656,0.27288
-0.9671,0.19342,0.293689
-0.9009,0.18018,0.314657
-0.8342,0.16684,0.335783
-0.767,0.1534,0.357067
-0.6993,0.13986,0.37851
-0.6309,0.12618,0.400174
-0.562,0.1124,0.421997
-0.5273,0.10546,0.432988
-0.4576,0.09152,0.455064
-0.3874,0.07748,0.477298
-0.3173,0.06346,0.499501
-0.2475,0.0495,0.521609
-0.1799,0.03598,0.54302
-0.12,0.024,0.561992
0.0887,-0.01774,0.571906
0.0952,-0.01904,0.569847
0.1433,-0.02866,0.554612
0.2109,-0.04218,0.533201
0.2475,-0.0495,0.521609
0.3233,-0.06466,0.497601
0.4011,-0.08022,0.472959
0.4413,-0.08826,0.460227
0.5195,-0.1039,0.435458
0.5991,-0.11982,0.410246
0.6793,-0.13586,0.384845
0.7185,-0.1437,0.372429
0.7983,-0.15966,0.347154
0.8376,-0.16752,0.334706
0.9165,-0.1833,0.309716
0.9947,-0.19894,0.284948
1.0331,-0.20662,0.272785
1.1092,-0.22184,0.248682
1.1841,-0.23682,0.224959
1.2572,-0.25144,0.201806
1.3289,-0.26578,0.179096
1.3639,-0.27278,0.168011
1.432,-0.2864,0.146441
1.4652,-0.29304,0.135926
1.5301,-0.30602,0.11537
1.5925,-0.3185,0.0956059
1.6522,-0.33044,0.076697
1.6811,-0.33622,0.0675435
1.7628,-0.35256,0.0416666
1.7888,-0.35776,0.0334316
1.838,-0.3676,0.0178484
1.8839,-0.37678,0.00331047
1.9054,-0.38108,-0.00349925
1.9463,-0.38926,-0.0164535
1.9838,-0.39676,-0.028331
2.0182,-0.40364,-0.0392265
2.0478,-0.40956,-0.0486017
2.0732,-0.41464,-0.0566467
2.0845,-0.4169,-0.0602258
2.104,-0.4208,-0.066402
2.1203,-0.42406,-0.0715647
2.1275,-0.4255,-0.0738452
2.1402,-0.42804,-0.0778677
2.1456,-0.42912,-0.079578
2.155,-0.431,-0.0825553
2.1626,-0.43252,-0.0849625
2.1686,-0.43372,-0.0868628
2.1733,-0.43466,-0.0883515
2.1752,-0.43504,-0.0889533
2.1783,-0.43566,-0.0899351
2.1795,-0.4359,-0.0903152
2.1816,-0.43632,-0.0909803
2.1833,-0.43666,-0.0915188
2.1846,-0.43692,-0.0919305
2.1855,-0.4371,-0.0922156
2.1858,-0.43716,-0.0923106
2.186,-0.4372,-0.092374
2.1859,-0.43718,-0.0923423
2.1857,-0.43714,-0.0922789
2.185,-0.437,-0.0920572
2.1839,-0.43678,-0.0917088
2.1825,-0.4365,-0.0912654
2.1816,-0.43632,-0.0909803
2.1797,-0.43594,-0.0903786
2.1775,-0.4355,-0.0896818
2.1762,-0.43524,-0.08927
2.1735,-0.4347,-0.0884148
2.1704,-0.43408,-0.087433
2.1671,-0.43342,-0.0863878
2.1634,-0.43268,-0.0852158
2.1615,-0.4323,-0.0846141
2.1575,-0.4315,-0.0833471
2.1531,-0.43062,-0.0819535
2.1485,-0.4297,-0.0804966
2.1437,-0.42874,-0.0789762
2.1386,-0.42772,-0.0773609
2.1359,-0.42718,-0.0765057
2.1305,-0.4261,-0.0747954
2.1248,-0.42496,-0.07299
2.1219,-0.42438,-0.0720715
2.1159,-0.42318,-0.0701711
2.1128,-0.42256,-0.0691893
2.1065,-0.4213,-0.0671939
2.1,-0.42,-0.0651351
2.0932,-0.41864,-0.0629813
2.0863,-0.41726,-0.0607959
2.0828,-0.41656,-0.0596873
2.0756,-0.41512,-0.0574069
2.0682,-0.41364,-0.0550631
2.0607,-0.41214,-0.0526876
2.0569,-0.41138,-0.051484
2.0491,-0.40982,-0.0490135
2.0452,-0.40904,-0.0477782
2.0372,-0.40744,-0.0452444
2.0331,-0.40662,-0.0439458
2.0249,-0.40498,-0.0413486
2.0207,-0.40414,-0.0400183
2.0123,-0.40246,-0.0373578
2.0037,-0.40074,-0.0346339
1.995,-0.399,-0.0318783
1.9862,-0.39724,-0.0290911
1.9817,-0.39634,-0.0276658
1.9727,-0.39454,-0.0248152
1.9681,-0.39362,-0.0233583
1.9589,-0.39178,-0.0204444
1.9543,-0.39086,-0.0189874
1.9449,-0.38898,-0.0160101
1.9354,-0.38708,-0.0130012
1.9257,-0.38514,-0.00992889
1.916,-0.3832,-0.0068566
1.9061,-0.38122,-0.00372096
1.8961,-0.37922,-0.000553649
1.886,-0.3772,0.00264533
1.8809,-0.37618,0.00426066
1.8707,-0.37414,0.00749132
1.8603,-0.37206,0.0107853
1.8551,-0.37102,0.0124323
1.8393,-0.36786,0.0174367
1.8339,-0.36678,0.019147
1.8232,-0.36464,0.022536
1.8123,-0.36246,0.0259884
1.8013,-0.36026,0.0294724
1.7901,-0.35802,0.0330198
1.7788,-0.35576,0.0365989
1.7674,-0.35348,0.0402096
1.7616,-0.35232,0.0420467
1.75,-0.35,0.0457207
1.7382,-0.34764,0.0494582
1.7262,-0.34524,0.0532589
1.714,-0.3428,0.0571231
1.7017,-0.34034,0.0610189
1.6954,-0.33908,0.0630143
1.6828,-0.33656,0.0670051
1.6765,-0.3353,0.0690005
1.6636,-0.33272,0.0730863
1.6505,-0.3301,0.0772355
1.6371,-0.32742,0.0814797
1.6236,-0.32472,0.0857555
1.6167,-0.32334,0.087941
1.5957,-0.31914,0.0945923
1.5885,-0.3177,0.0968728
1.574,-0.3148,0.101465
1.5593,-0.31186,0.106121
1.5442,-0.30884,0.110904
1.5289,-0.30578,0.11575
1.5133,-0.30266,0.120691
1.4974,-0.29948,0.125727
1.4894,-0.29788,0.128261
1.473,-0.2946,0.133455
1.4562,-0.29124,0.138776
1.4391,-0.28782,0.144192
1.4216,-0.28432,0.149735
1.4127,-0.28254,0.152554
1.3946,-0.27892,0.158287
1.3761,-0.27522,0.164146
1.3572,-0.27144,0.170133
1.3477,-0.26954,0.173142
1.3281,-0.26562,0.17935
1.3081,-0.26162,0.185684
1.2876,-0.25752,0.192177
1.2772,-0.25544,0.195471
1.2559,-0.25118,0.202218
1.2342,-0.24684,0.209091
1.2231,-0.24462,0.212606
1.2005,-0.2401,0.219764
1.1774,-0.23548,0.227081
1.1656,-0.23312,0.230818
1.1416,-0.22832,0.23842
1.117,-0.2234,0.246211
1.0917,-0.21834,0.254225
1.0657,-0.21314,0.26246
1.0525,-0.2105,0.266641
1.0256,-0.20512,0.275161
0.998,-0.1996,0.283902
0.9839,-0.19678,0.288368
0.9551,-0.19102,0.29749
0.9256,-0.18512,0.306834
0.9106,-0.18212,0.311585
0.8799,-0.17598,0.321308
0.8484,-0.16968,0.331285
0.8161,-0.16322,0.341516
0.7996,-0.15992,0.346742
0.766,-0.1532,0.357384
0.7488,-0.14976,0.362832
0.7139,-0.14278,0.373886
0.678,-0.1356,0.385256
0.6412,-0.12824,0.396912
0.6225,-0.1245,0.402835
0.5842,-0.11684,0.414966
0.545,-0.109,0.427382
0.525,-0.105,0.433716
0.4843,-0.09686,0.446607
0.4426,-0.08852,0.459815
0.4213,-0.08426,0.466561
0.3781,-0.07562,0.480244
0.3561,-0.07122,0.487212
0.3113,-0.06226,0.501402
0.2654,-0.05308,0.51594
0.2184,-0.04368,0.530826
0.1945,-0.0389,0.538396
0.1461,-0.02922,0.553726
0.1214,-0.02428,0.561549
0.0714,-0.01428,0.577385
0.0204,-0.00408,0.593539
-0.0317,0.00634,0.58996
-0.0581,0.01162,0.581598
-0.1116,0.02232,0.564653
-0.1386,0.02772,0.556101
-0.1932,0.03864,0.538808
-0.2484,0.04968,0.521324
-0.3043,0.06086,0.503619
-0.3605,0.0721,0.485818
-0.3887,0.07774,0.476887
-0.445,0.089,0.459055
-0.5009,0.10018,0.441349
-0.5291,0.10582,0.432418
-0.5848,0.11696,0.414776
-0.6402,0.12804,0.397229
-0.6671,0.13342,0.388709
-0.7216,0.14432,0.371447
-0.7753,0.15506,0.354438
-0.8278,0.16556,0.33781
-0.8541,0.17082,0.32948
-0.9052,0.18104,0.313295
-0.9298,0.18596,0.305504
-0.9785,0.1957,0.290079
-1.0027,0.20054,0.282414
-1.0491,0.20982,0.267718
-1.0713,0.21426,0.260686
-1.1149,0.22298,0.246877
-1.1566,0.23132,0.233669
-1.1771,0.23542,0.227176
-1.2156,0.24312,0.214982
-1.2519,0.25038,0.203484
-1.2689,0.25378,0.1981
-1.3017,0.26034,0.187711
-1.3322,0.26644,0.178051
-1.3602,0.27204,0.169182
-1.3735,0.2747,0.16497
-1.3976,0.27952,0.157337
-1.4189,0.28378,0.15059
-1.4284,0.28568,0.147581
-1.4457,0.28914,0.142102
-1.4534,0.29068,0.139663
-1.4664,0.29328,0.135546
-1.4765,0.2953,0.132347
-1.4838,0.29676,0.130035
-1.4863,0.29726,0.129243
-1.4894,0.29788,0.128261
-1.4898,0.29796,0.128134
-1.4885,0.2977,0.128546
-1.4843,0.29686,0.129876
-1.4812,0.29624,0.130858
-1.4728,0.29456,0.133519
-1.4616,0.29232,0.137066
-1.4548,0.29096,0.13922
-1.4395,0.2879,0.144066
-1.4214,0.28428,0.149799
-1.4006,0.28012,0.156387
-1.3894,0.27788,0.159934
-1.3648,0.27296,0.167726
-1.3512,0.27024,0.172033
-1.3226,0.26452,0.181092
-1.2915,0.2583,0.190942
-1.258,0.2516,0.201552
-1.2406,0.24812,0.207064
-1.2035,0.2407,0.218814
-1.1837,0.23674,0.225086
-1.1431,0.22862,0.237945
-1.1003,0.22006,0.251501
-1.0552,0.21104,0.265785
-1.0322,0.20644,0.27307
-0.9838,0.19676,0.2884
-0.9333,0.18666,0.304395
-0.9068,0.18136,0.312788
-0.8531,0.17062,0.329797
-0.7975,0.1595,0.347407
-0.7399,0.14798,0.365651
-0.6804,0.13608,0.384496
-0.6505,0.1301,0.393966
-0.5884,0.11768,0.413635
-0.5245,0.1049,0.433875
-0.4915,0.0983,0.444327
-0.4252,0.08504,0.465326
-0.3574,0.07148,0.4868
-0.3234,0.06468,0.497569
-0.2533,0.05066,0.519772
-0.1819,0.03638,0.542387
-0.1092,0.02184,0.565413
-0.0354,0.00708,0.588788
0.0023,-0.00046,0.599272
0.0778,-0.01556,0.575358
0.154,-0.0308,0.551223
0.192,-0.0384,0.539188
0.269,-0.0538,0.514799
0.3462,-0.06924,0.490348
0.4236,-0.08472,0.465833
0.5006,-0.10012,0.441444
0.5771,-0.11542,0.417215
0.6528,-0.13056,0.393238
0.7272,-0.14544,0.369673
0.8002,-0.16004,0.346552
0.8364,-0.16728,0.335086
0.9064,-0.18128,0.312915
0.9742,-0.19484,0.291441
1.0394,-0.20788,0.27079
1.0708,-0.21416,0.260844
1.1315,-0.2263,0.241619
1.1891,-0.23782,0.223375
1.2168,-0.24336,0.214602
1.2689,-0.25378,0.1981
1.3172,-0.26344,0.182802
1.3616,-0.27232,0.168739
1.382,-0.2764,0.162278
1.4199,-0.28398,0.150274
1.4534,-0.29068,0.139663
1.4823,-0.29646,0.13051
1.5065,-0.3013,0.122845
1.5169,-0.30338,0.119551
1.5339,-0.30678,0.114166
1.5406,-0.30812,0.112044
1.5503,-0.31006,0.108972
1.5533,-0.31066,0.108022
1.5557,-0.31114,0.107262
1.5532,-0.31064,0.108053
1.5502,-0.31004,0.109004
1.5405,-0.3081,0.112076
1.526,-0.3052,0.116668
1.5168,-0.30336,0.119582
1.4953,-0.29906,0.126392
1.4692,-0.29384,0.134659
1.4386,-0.28772,0.144351
1.4037,-0.28074,0.155405
1.3644,-0.27288,0.167852
1.3436,-0.26872,0.17444
1.2983,-0.25966,0.188788
1.249,-0.2498,0.204403
1.196,-0.2392,0.22119
1.1678,-0.23356,0.230122
1.1094,-0.22188,0.248619
1.0475,-0.2095,0.268224
0.9824,-0.19648,0.288843
0.949,-0.1898,0.299422
0.8793,-0.17586,0.321498
0.8068,-0.16136,0.344461
0.7691,-0.15382,0.356402
0.6926,-0.13852,0.380632
0.6136,-0.12272,0.405654
0.5737,-0.11474,0.418291
0.4915,-0.0983,0.444327
0.4493,-0.08986,0.457693
0.3643,-0.07286,0.484615
0.2777,-0.05554,0.512044
0.1895,-0.0379,0.539979
0.0999,-0.01998,0.568359
0.0551,-0.01102,0.582548
-0.0357,0.00714,0.588693
-0.1271,0.02542,0.559743
-0.2189,0.04378,0.530668
-0.265,0.053,0.516066
-0.3563,0.07126,0.487149
-0.4469,0.08938,0.458453
-0.5363,0.10726,0.430137
-0.6242,0.12484,0.402297
-0.71,0.142,0.375121
-0.7932,0.15864,0.348769
-0.8336,0.16672,0.335973
-0.9119,0.18238,0.311173
-0.9499,0.18998,0.299137
-1.0222,0.20444,0.276238
-1.0903,0.21806,0.254668
-1.1224,0.22448,0.244501
-1.1831,0.23662,0.225276
-1.2385,0.2477,0.207729
-1.2642,0.25284,0.199589
-1.3109,0.26218,0.184797
-1.332,0.2664,0.178114
-1.3695,0.2739,0.166237
-1.4007,0.28014,0.156355
-1.4138,0.28276,0.152206
-1.435,0.287,0.145491
-1.4494,0.28988,0.14093
-1.4541,0.29082,0.139441
-1.4583,0.29166,0.138111
-1.4556,0.29112,0.138966
-1.4459,0.28918,0.142039
-1.4295,0.2859,0.147233
-1.4185,0.2837,0.150717
-1.3919,0.27838,0.159142
-1.3586,0.27172,0.169689
-1.3188,0.26376,0.182295
-1.2727,0.25454,0.196896
-1.2475,0.2495,0.204878
-1.1923,0.23846,0.222362
-1.1311,0.22622,0.241746
-1.0643,0.21286,0.262903
-1.0286,0.20572,0.27421
-0.9538,0.19076,0.297902
-0.8739,0.17478,0.323209
-0.8324,0.16648,0.336353
-0.7455,0.1491,0.363877
-0.6543,0.13086,0.392763
-0.5588,0.11176,0.423011
-0.5094,0.10188,0.438657
-0.4084,0.08168,0.470647
-0.3042,0.06084,0.50365
-0.1968,0.03936,0.537667
-0.1422,0.02844,0.554961
-0.0312,0.00624,0.590118
0.0253,-0.00506,0.591987
0.1391,-0.02782,0.555943
0.2544,-0.05088,0.519424
0.3708,-0.07416,0.482556
0.4875,-0.0975,0.445594
0.6038,-0.12076,0.408758
0.6617,-0.13234,0.390419
0.7759,-0.15518,0.354248
0.8881,-0.17762,0.318711
0.9432,-0.18864,0.301259
1.0506,-0.21012,0.267242
1.1542,-0.23084,0.234429
1.2534,-0.25068,0.203009
1.3474,-0.26948,0.173237
1.4357,-0.28714,0.145269
1.4775,-0.2955,0.13203
1.5558,-0.31116,0.10723
1.627,-0.3254,0.0846787
1.6905,-0.3381,0.0645662
1.7193,-0.34386,0.0554444
1.7705,-0.3541,0.0392278
1.8132,-0.36264,0.0257034
1.8471,-0.36942,0.0149662
1.872,-0.3744,0.00707957
1.8878,-0.37756,0.00207522
1.8923,-0.37846,0.000649929
1.8944,-0.37888,-1.52064e-05
1.8873,-0.37746,0.00223358
1.8804,-0.37608,0.00441903
1.8598,-0.37196,0.0109437
1.8303,-0.36606,0.0202873
1.8124,-0.36248,0.0259567
1.7701,-0.35402,0.0393545
1.7195,-0.3439,0.055381
1.6912,-0.33824,0.0643445
1.6292,-0.32584,0.0839819
1.5602,-0.31204,0.105836
1.4852,-0.29704,0.129591
1.446,-0.2892,0.142007
1.3652,-0.27304,0.167599
1.2835,-0.2567,0.193476
1.204,-0.2408,0.218656
1.1666,-0.23332,0.230502
1.0997,-0.21994,0.251691
1.0493,-0.20986,0.267654
1.0227,-0.20454,0.276079
1.0207,-0.20414,0.276713
0.8281,-0.16562,0.337715
0.5457,-0.10914,0.42716
0.4418,-0.08836,0.460068
0.221,-0.0442,0.530002
0.1571,-0.03142,0.550242
0.0281,-0.00562,0.5911
-0.0369,0.00738,0.588313
-0.1676,0.03352,0.546916
-0.2991,0.05982,0.505266
-0.4308,0.08616,0.463552
-0.4965,0.0993,0.442743
-0.6267,0.12534,0.401505
-0.7549,0.15098,0.3609
-0.8805,0.1761,0.321118
-0.9421,0.18842,0.301608
-1.062,0.2124,0.263632
-1.1771,0.23542,0.227176
-1.2326,0.24652,0.209597
-1.3898,0.27796,0.159807
-1.4863,0.29726,0.129243
-1.5318,0.30636,0.114831
-1.6166,0.32332,0.0879727
-1.6558,0.33116,0.0755568
-1.7273,0.34546,0.0529105
-1.7896,0.35792,0.0331782
-1.8172,0.36344,0.0244364
-1.8648,0.37296,0.00936003
-1.9023,0.38046,-0.00251738
-1.9296,0.38592,-0.0111641
-1.9464,0.38928,-0.0164852
-1.9509,0.39018,-0.0179105
-1.9522,0.39044,-0.0183223
-1.9491,0.38982,-0.0173404
-1.9355,0.3871,-0.0130329
-1.9128,0.38256,-0.00584306
-1.8814,0.37628,0.0041023
-1.8623,0.37246,0.0101519
-1.8184,0.36368,0.0240563
-1.7662,0.35324,0.0405897
-1.7061,0.34122,0.0596252
-1.6736,0.33472,0.069919
-1.6025,0.3205,0.0924386
-1.5244,0.30488,0.117175
-1.4395,0.2879,0.144066
-1.3944,0.27888,0.15835
-1.3003,0.26006,0.188155
-1.2004,0.24008,0.219796
-1.0949,0.21898,0.253211
-0.9843,0.19686,0.288242
-0.9276,0.18552,0.3062
-0.81,0.162,0.343448
-0.6882,0.13764,0.382026
-0.5623,0.11246,0.421902
-0.4325,0.0865,0.463014
-0.2992,0.05984,0.505234
-0.2315,0.0463,0.526677
-0.0948,0.01896,0.569974
0.0454,-0.00908,0.58562
0.189,-0.0378,0.540138
0.3322,-0.06644,0.494782
0.4758,-0.09516,0.449299
0.6196,-0.12392,0.403753
