0.7598,-2.43136,0.342162
0.7598,-0.15196,0.359348
0.7598,-0.15196,0.359348
0.7598,-0.15196,0.359348
0.7598,-0.15196,0.359348
0.7598,-0.15196,0.359348
0.7598,-0.15196,0.359348
0.7598,-0.15196,0.359348
0.7599,-0.15228,0.359314
0.7597,-0.15134,0.359384
0.7595,-0.1513,0.359447
0.7593,-0.15126,0.359511
0.759,-0.1509,0.359608
0.7588,-0.15116,0.359669
0.7585,-0.1508,0.359766
0.7581,-0.15042,0.359895
0.7576,-0.15002,0.360056
0.7572,-0.15024,0.36018
0.7569,-0.15048,0.360273
0.7563,-0.14946,0.36047
0.7557,-0.14934,0.36066
0.7554,-0.15018,0.360748
0.7547,-0.14884,0.360979
0.7539,-0.14838,0.361235
0.7535,-0.1495,0.361352
0.7526,-0.14782,0.361649
0.7522,-0.14924,0.361764
0.7512,-0.14724,0.362094
0.7502,-0.14704,0.362411
0.749,-0.1462,0.362796
0.7484,-0.14788,0.362972
0.7471,-0.14552,0.3634
0.7464,-0.14718,0.363608
0.745,-0.1448,0.364067
0.7435,-0.1442,0.364544
0.7418,-0.14326,0.365087
0.74,-0.1426,0.36566
0.7391,-0.14512,0.365924
0.7371,-0.14142,0.366583
0.735,-0.1407,0.36725
0.7327,-0.13964,0.367983
0.7315,-0.1427,0.368338
0.729,-0.1383,0.36916
0.7263,-0.13716,0.370019
0.7248,-0.14046,0.370467
0.7218,-0.13536,0.371451
0.7185,-0.1338,0.372503
0.7168,-0.13826,0.373006
0.7132,-0.13184,0.374189
0.7114,-0.13688,0.374718
0.7075,-0.1298,0.376001
0.7032,-0.12774,0.377372
0.7011,-0.13392,0.377987
0.6965,-0.1255,0.379501
0.6942,-0.13194,0.380177
0.6893,-0.12316,0.381788
0.6867,-0.12954,0.38256
0.6841,-0.12902,0.383383
0.6786,-0.11922,0.385191
0.6727,-0.11684,0.387069
0.6667,-0.11534,0.388971
0.6603,-0.11286,0.391007
0.6571,-0.12182,0.391948
0.6504,-0.10998,0.39415
0.6468,-0.11856,0.39522
0.6396,-0.10632,0.397582
0.632,-0.1036,0.399998
0.6241,-0.10112,0.402507
0.6159,-0.09858,0.405111
0.6074,-0.09598,0.40781
0.5985,-0.093,0.410638
0.5894,-0.09058,0.413525
0.5847,-0.10284,0.414914
0.575,-0.0859,0.418099
0.57,-0.099,0.419576
0.5598,-0.08136,0.422925
0.5491,-0.07772,0.426325
0.5382,-0.07494,0.429782
0.5331,-0.09132,0.431266
0.5241,-0.07782,0.434205
0.517,-0.0821,0.436411
0.5135,-0.0922,0.437438
0.5138,-0.10366,0.437257
0.4992,-0.05604,0.442218
0.4881,-0.06432,0.445655
0.4789,-0.06818,0.448526
0.4749,-0.08298,0.449675
0.4711,-0.08282,0.450874
0.464,-0.0715,0.453197
0.4572,-0.07104,0.455344
0.4506,-0.07032,0.45743
0.4474,-0.07988,0.458367
0.4408,-0.06836,0.460534
0.4337,-0.06544,0.462794
0.43,-0.0749,0.463889
0.4224,-0.06168,0.466385
0.4185,-0.072,0.467536
0.4105,-0.0581,0.470163
0.402,-0.0549,0.472866
0.3932,-0.05224,0.47566
0.3887,-0.06424,0.476988
0.3795,-0.0483,0.480009
0.3748,-0.06086,0.481396
0.3651,-0.04392,0.484581
0.3553,-0.04166,0.487687
0.3502,-0.05474,0.489196
0.3401,-0.03772,0.492508
0.3294,-0.03378,0.495911
0.324,-0.0486,0.497501
0.3131,-0.02992,0.501078
0.3019,-0.02678,0.504632
0.2962,-0.04214,0.506313
0.2848,-0.02276,0.510053
0.2731,-0.01952,0.513765
0.2671,-0.03542,0.515537
0.2552,-0.01534,0.519439
0.2429,-0.01168,0.523344
0.2306,-0.00922,0.52724
0.2245,-0.0266,0.529032
0.2122,-0.00554,0.533068
0.1998,-0.00276,0.536998
0.1935,-0.0198,0.538855
0.181,0.0013,0.542954
0.1685,0.0038,0.546914
0.1622,-0.01354,0.548769
0.1499,0.00692,0.5528
0.1373,0.01034,0.556798
0.1311,-0.00762,0.558617
0.119,0.0125,0.562583
0.1129,-0.00428,0.564379
0.1011,0.01518,0.568245
0.0893,0.01754,0.571983
0.0777,0.01926,0.575652
0.0721,0.00238,0.57729
0.0612,0.02046,0.580863
0.0558,0.00504,0.582449
0.0453,0.02244,0.58589
0.0351,0.02358,0.589113
0.0301,0.00898,0.590579
0.0206,0.02438,0.59369
0.0114,0.02532,0.596597
0.0026,0.02588,0.599376
-0.0055,0.0254,0.598192
-0.0093,0.01326,0.596968
-0.0165,0.0249,0.594611
-0.0233,0.02506,0.592466
-0.0294,0.02418,0.59055
-0.0322,0.01484,0.589738
-0.0374,0.02308,0.588037
-0.042,0.0222,0.586593
-0.0441,0.01512,0.585985
-0.0477,0.02034,0.584811
-0.0508,0.01946,0.58384
-0.052,0.014,0.583503
-0.054,0.0168,0.582851
-0.0554,0.01528,0.582421
-0.0562,0.01364,0.582182
-0.0563,0.01156,0.582166
-0.0561,0.01062,0.582236
-0.0553,0.00866,0.582503
-0.0528,0.00306,0.583333
-0.0517,0.00704,0.58365
-0.0504,0.00618,0.584066
-0.0475,0.0008,0.585021
-0.0458,0.00406,0.585532
-0.044,0.0034,0.586105
-0.04,-0.004,0.587421
-0.0378,0.00096,0.588077
-0.0355,0.0002,0.588808
-0.0305,-0.0089,0.590453
-0.0279,-0.00222,0.591222
-0.0251,-0.00338,0.592113
-0.0193,-0.01354,0.594018
-0.0162,-0.00606,0.594939
-0.0126,-0.00828,0.596091
-0.0024,-0.03012,0.599471
0.0056,-0.02512,0.598154
0.0135,-0.0264,0.595545
0.0318,-0.06126,0.589514
0.0427,-0.04124,0.586229
0.0544,-0.04598,0.582505
0.0806,-0.09472,0.573879
0.0941,-0.05932,0.56989
0.1071,-0.06042,0.565784
0.1199,-0.06238,0.561734
0.1449,-0.10398,0.55354
0.157,-0.0677,0.55
0.1686,-0.06852,0.546337
0.191,-0.1054,0.538998
0.2017,-0.07244,0.535873
0.2119,-0.07298,0.532654
0.2312,-0.10414,0.526335
0.249,-0.1032,0.520731
0.2572,-0.07604,0.518351
0.2718,-0.09816,0.513582
0.2783,-0.07516,0.511707
0.2843,-0.07486,0.509818
0.295,-0.0911,0.506322
0.2997,-0.07404,0.504969
0.3039,-0.07338,0.50365
0.3108,-0.08286,0.501404
0.3136,-0.07112,0.50061
0.3158,-0.06976,0.499927
0.3176,-0.06892,0.499366
0.3199,-0.07088,0.498626
0.3203,-0.06526,0.498542
0.3199,-0.06278,0.498687
0.319,-0.0611,0.498983
0.3159,-0.05388,0.500015
0.3137,-0.05614,0.500691
0.3082,-0.04514,0.502508
0.3049,-0.05108,0.503503
0.2973,-0.03666,0.506008
0.293,-0.0457,0.507295
0.2836,-0.02852,0.510388
0.2785,-0.0404,0.511906
0.2676,-0.02082,0.515489
0.2617,-0.03464,0.517245
0.2496,-0.01362,0.521218
0.2367,-0.00864,0.525322
0.23,-0.0259,0.527303
0.2165,-0.0028,0.531733
0.2026,0.00118,0.536145
0.1885,0.0046,0.540615
0.1815,-0.0153,0.542672
0.1677,0.00786,0.547196
0.1609,-0.01178,0.549192
0.1475,0.0107,0.553585
0.1409,-0.00838,0.555522
0.1281,0.01278,0.559716
0.1219,-0.00578,0.561531
0.11,0.0137,0.565429
0.1042,-0.00344,0.567128
0.0987,-0.00324,0.568863
0.0879,0.01482,0.572404
0.0827,-0.00094,0.573924
0.0731,0.01418,0.577064
0.0641,0.01418,0.579901
0.0592,0.00286,0.58136
0.0663,-0.03456,0.57884
0.0674,-0.01678,0.578627
0.0709,-0.02468,0.577465
0.0876,-0.06762,0.571877
0.098,-0.0508,0.568725
0.1178,-0.08296,0.562241
0.1274,-0.05428,0.559431
0.1454,-0.08308,0.55354
0.1539,-0.05628,0.551063
0.1695,-0.0807,0.545961
0.1767,-0.05694,0.543871
0.1835,-0.0571,0.541726
0.1959,-0.07638,0.537672
0.2015,-0.0571,0.536052
0.2112,-0.07134,0.532887
0.219,-0.0672,0.530459
0.2222,-0.05404,0.52955
0.227,-0.0598,0.527993
0.2287,-0.05084,0.527525
0.2306,-0.05182,0.526919
0.2309,-0.04708,0.52686
0.2307,-0.04554,0.526935
0.229,-0.0407,0.527507
0.2275,-0.041,0.527978
0.2234,-0.03238,0.529335
0.2208,-0.03636,0.530125
0.2145,-0.024,0.532204
0.2109,-0.03138,0.533283
0.2029,-0.01658,0.535916
0.1985,-0.0265,0.537228
0.1891,-0.00962,0.540319
0.1841,-0.02182,0.541803
0.1737,-0.00354,0.545219
0.1683,-0.01746,0.546816
0.1574,0.00122,0.550393
0.1518,-0.01356,0.552047
0.1407,0.00516,0.555687
0.1351,-0.01022,0.557336
0.1242,0.00786,0.560909
0.1188,-0.00756,0.562494
0.1085,0.0092,0.565868
0.1035,-0.0057,0.567331
0.0939,0.01002,0.570476
0.0894,-0.00438,0.571786
0.0809,0.00932,0.574569
0.078,-0.0069,0.575361
0.0809,-0.02488,0.574311
0.0854,-0.03058,0.572849
0.1024,-0.07148,0.567182
0.1143,-0.05856,0.563528
0.1382,-0.09934,0.555687
0.1497,-0.06444,0.552325
0.1708,-0.09746,0.545425
0.1807,-0.06584,0.542543
0.1899,-0.06558,0.539645
0.2068,-0.09206,0.534118
0.2145,-0.066,0.531887
0.2277,-0.08514,0.527582
0.2333,-0.06346,0.52598
0.2423,-0.07546,0.523053
0.2458,-0.05966,0.522068
0.2505,-0.0642,0.520553
0.2519,-0.05458,0.520184
0.2525,-0.0523,0.520012
0.2518,-0.04826,0.520263
0.2485,-0.0398,0.521367
0.246,-0.0417,0.522141
0.2393,-0.02776,0.524358
0.2351,-0.03442,0.525632
0.2254,-0.01598,0.528828
0.2139,-0.00828,0.532511
0.2011,-0.00182,0.536595
0.1942,-0.01814,0.538647
0.1801,0.00628,0.543276
0.1727,-0.01234,0.545468
0.1579,0.01282,0.550323
0.1503,-0.00726,0.552567
0.1354,0.01762,0.557452
0.128,-0.0034,0.559626
0.1136,0.02048,0.564345
0.0996,0.02208,0.56877
0.0929,0.00152,0.570727
0.0803,0.02174,0.574851
0.0744,0.00282,0.576569
0.0637,0.01936,0.580066
0.0588,0.00294,0.581487
0.0501,0.01608,0.584329
0.0486,-0.00522,0.584641
0.0601,-0.04652,0.580704
0.0713,-0.04786,0.577164
0.0971,-0.09682,0.568662
0.1108,-0.06326,0.564596
0.1368,-0.10536,0.556083
0.1612,-0.10544,0.548391
0.1726,-0.06872,0.545074
0.193,-0.0998,0.538409
0.2108,-0.09556,0.53283
0.2186,-0.06712,0.530586
0.2314,-0.08468,0.526419
0.2365,-0.0626,0.524978
0.2442,-0.07194,0.52248
0.2468,-0.05716,0.521772
0.2493,-0.05736,0.520982
0.2486,-0.04762,0.521277
0.2471,-0.04492,0.52177
0.2418,-0.03246,0.523534
0.238,-0.0362,0.524704
0.2287,-0.01784,0.527774
0.2231,-0.02782,0.529464
0.2106,-0.00462,0.533579
0.2036,-0.01972,0.535672
0.1886,0.00728,0.540604
0.1723,0.01444,0.545796
0.1638,-0.00726,0.548312
0.1466,0.02228,0.553956
0.1291,0.02668,0.559506
0.1118,0.02954,0.564981
0.1035,0.0042,0.567406
0.0877,0.02986,0.57258
0.0802,0.00646,0.574768
0.0663,0.02844,0.579315
0.0598,0.00754,0.581207
0.0482,0.02516,0.584996
0.0431,0.00668,0.586464
0.0343,0.01954,0.589335
0.0272,0.01586,0.591546
0.0245,0.0032,0.592301
0.0281,-0.01642,0.591018
0.0475,-0.0677,0.584516
0.0643,-0.06326,0.579254
0.0876,-0.08742,0.571727
0.1447,-0.20024,0.552878
0.1729,-0.11918,0.544599
0.2249,-0.20098,0.527591
0.2723,-0.19666,0.512682
0.2936,-0.12262,0.506526
0.3303,-0.17616,0.494554
0.3461,-0.11662,0.490022
0.3715,-0.1505,0.48176
0.3813,-0.10566,0.479009
0.3948,-0.11946,0.474649
0.3986,-0.09112,0.473665
0.4004,-0.08548,0.47314
0.3949,-0.06248,0.475047
0.3894,-0.06138,0.476789
0.3738,-0.02796,0.481959
0.3519,-0.00468,0.489038
0.339,-0.0291,0.49292
0.325,-0.023,0.497379
0.2938,0.03484,0.50765
0.2584,0.05452,0.518957
0.2398,0.00784,0.524469
0.2021,0.07268,0.536841
0.163,0.0847,0.549257
0.1436,0.02948,0.554956
0.106,0.0916,0.567277
0.0877,0.03736,0.572637
0.0702,0.03846,0.578161
0.0364,0.09412,0.589235
0.0203,0.04424,0.593935
0.017,0.0065,0.59469
0.0116,0.01388,0.596448
-0.0102,0.06744,0.596801
-0.0061,-0.01108,0.598161
-0.0026,-0.00998,0.599256
0.0059,-0.02668,0.598057
0.011,-0.0175,0.596401
0.0224,-0.03868,0.592647
0.0353,-0.04576,0.588528
0.0493,-0.05186,0.584069
0.0637,-0.05594,0.579499
0.0709,-0.03578,0.577381
0.0849,-0.05898,0.572793
0.0918,-0.03906,0.570768
0.1049,-0.06028,0.566479
0.1112,-0.04114,0.564637
0.1226,-0.05872,0.560911
0.1278,-0.04116,0.559404
0.1369,-0.05468,0.556434
0.1444,-0.05138,0.554094
0.1475,-0.0388,0.553212
0.1521,-0.04422,0.551721
0.1537,-0.03554,0.551282
0.1555,-0.0365,0.550708
0.1553,-0.03046,0.550816
0.1545,-0.0285,0.551083
0.1536,-0.02802,0.55137
0.1902,-0.14784,0.53893
0.1976,-0.06172,0.537247
0.2447,-0.19024,0.521431
0.2954,-0.21118,0.505291
0.3184,-0.13268,0.498633
0.3573,-0.18816,0.485952
0.3736,-0.12362,0.481301
0.3987,-0.15504,0.473152
0.4078,-0.10886,0.470631
0.4186,-0.11612,0.467172
0.4205,-0.0898,0.466772
0.4173,-0.07386,0.467901
0.4124,-0.06778,0.469491
0.3965,-0.0316,0.474776
0.3728,-0.00346,0.482459
0.3583,-0.02816,0.486843
0.3255,0.0333,0.497646
0.307,-0.0059,0.503182
0.2678,0.06404,0.516066
0.2469,0.01332,0.522272
0.2043,0.08694,0.536255
0.1825,0.0289,0.54269
0.1396,0.10078,0.556755
0.0972,0.10776,0.570173
0.0768,0.04584,0.576136
0.0388,0.10624,0.58857
0.0211,0.04888,0.593717
-0.0107,0.09754,0.596846
-0.0379,0.08918,0.587381
-0.0596,0.07702,0.580632
-0.0681,0.03912,0.578238
-0.0801,0.05202,0.574358
-0.0839,0.02818,0.57334
-0.0869,0.02638,0.572408
-0.0862,0.01514,0.572714
-0.0805,-0.001,0.574632
-0.0756,0.00042,0.576166
-0.0623,-0.02744,0.580568
-0.0549,-0.01122,0.582779
0.1215,-0.5535,0.560011
0.0852,0.09186,0.573836
0.1407,-0.19464,0.554181
0.2554,-0.39518,0.516513
0.3125,-0.2338,0.49973
0.4181,-0.40042,0.465186
0.5133,-0.38826,0.435269
0.5555,-0.2377,0.423101
0.6263,-0.33766,0.40003
0.6554,-0.21838,0.391756
0.6989,-0.27028,0.377653
0.7137,-0.18714,0.373614
0.7289,-0.19138,0.368791
0.7295,-0.1477,0.368931
0.7173,-0.10686,0.373085
0.7048,-0.10346,0.377051
0.668,-0.0232,0.389256
0.6161,0.03248,0.406036
0.5854,-0.02498,0.41528
0.5171,0.10148,0.437763
0.4794,0.01722,0.449012
0.4101,0.12588,0.471676
0.3653,0.06134,0.485311
0.3304,0.03862,0.496141
0.3125,-0.0088,0.501426
0.2756,0.05558,0.513544
0.2563,0.00664,0.519258
0.2178,0.07194,0.531887
0.1984,0.01852,0.537599
0.1608,0.08064,0.54992
0.1424,0.02672,0.555314
0.1079,0.08192,0.566605
0.0915,0.0309,0.57139
0.0619,0.07642,0.581064
0.0358,0.07114,0.589251
0.0243,0.02964,0.592564
0.0141,0.02778,0.595765
-0.0032,0.05254,0.599233
-0.0102,0.02304,0.596611
-0.0206,0.03532,0.59324
-0.0263,0.02236,0.591541
-0.0317,0.02254,0.589837
-0.0653,0.11386,0.578557
0.1461,-0.66342,0.551898
0.2052,-0.21834,0.53367
0.3171,-0.39912,0.497034
0.4213,-0.39686,0.464204
0.469,-0.2369,0.450374
0.5126,-0.23332,0.436658
0.5907,-0.35244,0.41114
0.6248,-0.22726,0.401335
0.6788,-0.29776,0.383782
0.6992,-0.20104,0.37808
0.7254,-0.22368,0.369651
0.7334,-0.17068,0.367529
0.7304,-0.13708,0.368728
0.7114,-0.08528,0.375107
0.6756,-0.02772,0.386826
0.652,-0.0596,0.394025
0.5954,0.05072,0.412699
0.5625,-0.0138,0.422583
0.4906,0.11758,0.446238
0.4514,0.02732,0.457914
0.3705,0.1686,0.484481
0.2853,0.19854,0.511564
0.2423,0.08054,0.524229
0.1591,0.21778,0.55149
0.0782,0.22706,0.577061
0.0035,0.2234,0.600581
-0.0304,0.10778,0.589763
-0.0899,0.19648,0.57018
-0.1159,0.10118,0.562703
-0.1589,0.16078,0.548699
-0.1907,0.13354,0.53888
-0.2101,0.10022,0.533016
-0.2171,0.06442,0.531079
-0.2411,0.12022,0.523093
-0.123,-0.3297,0.563713
0.0003,-0.36996,0.60268
0.1263,-0.40326,0.557147
0.2468,-0.41086,0.519105
0.3034,-0.23048,0.502624
0.4064,-0.39028,0.468951
0.4974,-0.37248,0.4404
0.5718,-0.33756,0.41721
0.6257,-0.28684,0.400602
0.6445,-0.1853,0.395442
0.6665,-0.1993,0.388401
0.669,-0.1413,0.38805
0.663,-0.1146,0.390143
0.6865,-0.2078,0.382033
0.7633,-0.38306,0.356502
0.7994,-0.26818,0.345989
0.852,-0.3282,0.328955
0.8802,-0.26064,0.320576
0.8824,-0.18308,0.320467
0.859,-0.1016,0.328457
0.8121,-0.02172,0.343844
0.7808,-0.06226,0.353404
0.7057,0.08416,0.378182
0.6621,-0.00162,0.391279
0.5669,0.17222,0.422598
0.461,0.2255,0.456382
0.3497,0.26396,0.491757
0.294,0.1083,0.508141
0.1856,0.28808,0.543667
0.0797,0.30176,0.577152
-0.0181,0.29702,0.59566
-0.0588,0.13386,0.580456
-0.0131,-0.13448,0.596884
0.0754,-0.28058,0.574709
0.1687,-0.31364,0.544457
0.2148,-0.18126,0.530923
0.302,-0.322,0.502375
0.3834,-0.32088,0.476724
0.4546,-0.30452,0.454404
0.5119,-0.27428,0.436569
0.5532,-0.23454,0.42385
0.5775,-0.1884,0.416538
0.5832,-0.13374,0.415154
0.5828,-0.11536,0.415418
0.6202,-0.23624,0.402718
0.6932,-0.35764,0.378791
0.726,-0.2436,0.369311
0.7743,-0.29976,0.353663
0.7903,-0.20606,0.349326
0.8052,-0.20574,0.344631
0.7985,-0.1396,0.347242
0.7709,-0.07138,0.356456
0.7497,-0.08634,0.363026
0.6949,0.02542,0.381143
0.624,0.0879,0.403964
0.5408,0.14144,0.430594
0.4494,0.18432,0.459728
0.402,0.0618,0.473746
0.3068,0.22424,0.50498
0.2098,0.24904,0.535744
0.116,0.2582,0.565381
0.0297,0.25296,0.592545
-0.0096,0.11982,0.597414
-0.0792,0.22464,0.573341
-0.1202,0.14704,0.561002
0.0215,-0.4294,0.595423
0.2093,-0.60526,0.52946
0.3048,-0.34746,0.5013
0.4927,-0.66224,0.439697
0.584,-0.3907,0.412964
0.7576,-0.67232,0.356118
0.9164,-0.65968,0.306156
0.9884,-0.41368,0.285315
1.1131,-0.59672,0.244626
1.2121,-0.53942,0.213851
1.2801,-0.46002,0.193015
1.3013,-0.32386,0.187358
1.3184,-0.31498,0.182035
1.3041,-0.21792,0.187275
1.2855,-0.2013,0.193263
1.2599,-0.17518,0.20153
1.2617,-0.25774,0.20034
1.2433,-0.19346,0.206625
1.1988,-0.10626,0.221309
1.1293,-0.01736,0.243888
1.0863,-0.08826,0.256908
0.9876,0.09858,0.289429
0.8717,0.17336,0.326527
0.7444,0.23302,0.367105
0.6115,0.2764,0.409325
0.5446,0.09178,0.429021
0.4174,0.29812,0.470674
0.3933,-0.00636,0.475975
0.4159,-0.15098,0.46776
0.4715,-0.2611,0.449404
0.5234,-0.26038,0.433049
0.5665,-0.2426,0.419597
0.5838,-0.16866,0.414701
0.6095,-0.199,0.406371
0.6242,-0.16894,0.401964
0.6272,-0.13444,0.401278
0.6244,-0.11648,0.402296
0.6104,-0.08008,0.406984
0.5994,-0.08688,0.4104
0.5703,-0.02676,0.420027
0.5318,0.00914,0.432433
0.4854,0.04212,0.447308
0.4331,0.07028,0.464007
0.3768,0.09354,0.481929
0.3478,0.01744,0.490497
0.2896,0.11668,0.509591
0.2305,0.1312,0.52833
0.1728,0.13854,0.546574
0.153,0.0288,0.551988
0.2301,-0.27732,0.525376
0.3553,-0.44666,0.484634
0.4763,-0.45826,0.446404
0.5853,-0.44406,0.412152
0.6336,-0.27162,0.398227
0.7157,-0.38944,0.371459
0.7803,-0.34986,0.351394
0.824,-0.2959,0.338025
0.845,-0.232,0.331887
0.8435,-0.1642,0.332871
0.8206,-0.09542,0.340609
0.8017,-0.10364,0.346504
0.7513,0.00094,0.36318
0.72,-0.0501,0.372662
0.6482,0.08576,0.396319
0.564,0.1398,0.423268
0.4718,0.18224,0.452652
0.428,0.0458,0.46543
0.3748,0.08464,0.482493
0.3483,0.00984,0.490282
0.3209,0.01802,0.498981
0.2924,0.02702,0.508032
0.2777,-0.01144,0.512376
0.2483,0.03854,0.522021
0.2183,0.04634,0.531536
0.1888,0.05074,0.540868
0.1746,0.00768,0.54502
0.1478,0.05084,0.553793
0.1226,0.05108,0.561739
0.1725,-0.1842,0.544235
0.1924,-0.09818,0.538611
0.2844,-0.33288,0.507841
0.3294,-0.20088,0.494651
0.411,-0.327,0.467978
0.4827,-0.31164,0.445492
0.5409,-0.28278,0.427364
0.5827,-0.24194,0.414495
0.6073,-0.19526,0.407093
0.6145,-0.1445,0.405206
0.6049,-0.09218,0.408627
0.5797,-0.04034,0.416961
0.5405,0.0095,0.429694
0.4894,0.05542,0.446148
0.4602,-0.00444,0.454901
0.397,0.1102,0.475687
0.3268,0.14524,0.49808
0.2903,0.05144,0.508879
0.2171,0.17618,0.532893
0.1431,0.19338,0.55635
0.1068,0.08754,0.566994
0.0384,0.19752,0.589385
-0.0257,0.19744,0.592147
-0.0552,0.09954,0.581849
-0.1048,0.16976,0.565685
-0.1145,0.052,0.563515
-0.0964,-0.03502,0.569877
-0.045,-0.1452,0.58691
-0.0172,-0.07996,0.595181
0.0388,-0.17576,0.587222
0.0956,-0.18952,0.568436
0.1505,-0.1948,0.55109
0.1762,-0.11234,0.543611
0.2231,-0.18532,0.528277
0.2649,-0.17838,0.515153
0.2995,-0.1637,0.504356
0.3136,-0.10502,0.500354
0.3351,-0.13152,0.493377
0.3484,-0.10958,0.48935
0.3518,-0.08056,0.488497
0.3523,-0.07196,0.488404
0.3447,-0.04614,0.490995
0.3293,-0.01966,0.496049
0.3252,-0.05274,0.497092
0.3425,-0.1204,0.491128
0.3799,-0.18818,0.478828
0.4151,-0.18862,0.467729
0.4399,-0.16238,0.460109
0.4478,-0.11326,0.457989
0.4552,-0.11324,0.455657
0.4548,-0.08976,0.45596
0.4461,-0.06312,0.458903
0.4379,-0.06298,0.461489
0.4148,-0.01366,0.469142
0.383,0.0188,0.479411
0.3439,0.04852,0.491961
0.2995,0.0733,0.506143
0.2515,0.0937,0.521428
0.2019,0.10842,0.537174
0.1528,0.11674,0.552714
0.106,0.1192,0.567485
0.063,0.1164,0.581019
0.0433,0.05044,0.586731
0.0086,0.10238,0.598061
-0.021,0.093,0.593068
-0.0441,0.07812,0.58551
-0.0599,0.05938,0.58067
-0.068,0.0379,0.578279
-0.0687,0.01584,0.578225
-0.0663,0.00606,0.579055
-0.063,0.0027,0.580121
0.0664,-0.40148,0.578892
0.0758,-0.04336,0.575779
0.1167,-0.14604,0.562112
0.2011,-0.29342,0.534396
0.2843,-0.30646,0.508072
0.3601,-0.29942,0.484231
0.4242,-0.27714,0.464193
0.4741,-0.24452,0.448709
0.5082,-0.20394,0.438266
0.5259,-0.15828,0.433031
0.5271,-0.10902,0.433024
0.5125,-0.0587,0.438006
0.4996,-0.06122,0.442053
0.4645,0.0124,0.453672
0.4173,0.05814,0.468896
0.39,0.0039,0.477092
0.3304,0.11272,0.4967
0.2641,0.14608,0.517851
0.2296,0.05758,0.528059
0.1605,0.1752,0.550728
0.091,0.1903,0.572749
0.0245,0.1946,0.593744
-0.0356,0.18742,0.588473
-0.0869,0.17128,0.571316
-0.1278,0.14826,0.558597
-0.1572,0.11964,0.549545
-0.1743,0.08616,0.544407
-0.1783,0.04766,0.543436
-0.1777,0.03374,0.54373
-0.1663,-0.00094,0.547585
-0.1448,-0.03554,0.554624
-0.1144,-0.06832,0.564454
-0.0964,-0.03472,0.569874
-0.0565,-0.1084,0.583007
-0.0113,-0.13334,0.597443
0.0366,-0.15102,0.587835
0.0848,-0.16156,0.572051
0.2812,-0.64544,0.506493
0.7208,-1.46296,0.361757
0.5624,0.36272,0.425453
0.5311,-0.01232,0.432492
0.5634,-0.20958,0.420823
0.6653,-0.43876,0.386974
0.7819,-0.50618,0.349711
0.8867,-0.49174,0.316784
0.969,-0.4407,0.291226
1.025,-0.373,0.274084
1.0425,-0.261,0.269412
1.0565,-0.2533,0.265057
1.0444,-0.17258,0.26948
1.0286,-0.15832,0.274568
0.9796,-0.04892,0.290839
0.9078,0.03384,0.314096
0.8166,0.11028,0.34342
0.7653,0.00084,0.358766
0.6552,0.19926,0.394968
0.5962,0.05776,0.412499
0.4757,0.26636,0.452057
0.3507,0.30486,0.49175
0.2884,0.12922,0.510064
0.1689,0.32472,0.549207
0.0543,0.33294,0.585394
0.0005,0.1613,0.601059
-0.0961,0.30902,0.5674
-0.1803,0.28866,0.540989
-0.2167,0.15254,0.530541
-0.2755,0.2315,0.511411
-0.3176,0.18982,0.498454
-0.3414,0.13968,0.49133
-0.346,0.083,0.490307
-0.3322,0.02504,0.495094
-0.3189,0.02388,0.499295
-0.2813,-0.05654,0.511754
-0.2299,-0.10822,0.528346
-0.2,-0.0497,0.53733
-0.1346,-0.16928,0.558847
-0.0239,-0.32732,0.594934
0.0528,-0.24066,0.582623
0.1243,-0.23936,0.559013
0.1574,-0.13078,0.549398
0.2175,-0.2238,0.529752
0.2706,-0.21342,0.513092
0.2937,-0.12804,0.506454
0.3317,-0.18034,0.494081
0.3596,-0.15562,0.485472
0.3763,-0.12536,0.480436
0.3802,-0.08774,0.479491
0.3795,-0.0738,0.479816
0.3751,-0.06182,0.481294
0.3589,-0.02318,0.486692
0.3331,0.01078,0.49508
0.3171,-0.01542,0.499926
0.2804,0.05402,0.512019
0.2375,0.0812,0.525747
0.2144,0.02642,0.532615
0.167,0.1088,0.548178
0.1177,0.12436,0.563836
0.0931,0.05518,0.571069
0.046,0.1321,0.586496
0.0012,0.13416,0.600633
-0.0196,0.06632,0.593376
-0.0567,0.12264,0.581202
-0.0882,0.11214,0.571352
-0.1014,0.05988,0.567585
-0.1218,0.08556,0.560961
-0.1349,0.06628,0.556977
-0.1384,0.03818,0.556085
-0.1396,0.03152,0.555757
-0.1332,0.00744,0.557956
-0.1273,0.00776,0.559814
-0.1105,-0.0283,0.565381
-0.0997,-0.01246,0.568666
-0.0745,-0.0607,0.576974
-0.0443,-0.08174,0.586652
-0.0279,-0.04362,0.591534
0.0064,-0.10418,0.598459
0.0242,-0.05824,0.591933
0.0598,-0.11876,0.580254
0.0953,-0.12556,0.569013
0.1126,-0.07442,0.563945
0.1446,-0.12492,0.553477
0.1596,-0.07692,0.54911
0.1861,-0.11672,0.540457
0.1978,-0.07466,0.537086
0.2172,-0.10164,0.530767
0.2314,-0.08888,0.526387
0.2399,-0.07348,0.523824
0.2418,-0.05406,0.523371
0.2413,-0.04676,0.523584
0.2389,-0.04058,0.524387
0.2302,-0.01994,0.527285
0.2165,-0.0022,0.531738
0.1984,0.01462,0.53757
0.188,-0.0064,0.54069
0.1653,0.03504,0.548158
0.1402,0.04726,0.556162
0.1271,0.01388,0.56004
0.1009,0.05842,0.568634
0.0745,0.0643,0.577001
0.0494,0.06542,0.584921
0.0268,0.06244,0.592023
0.0167,0.02696,0.594939
-0.0006,0.05202,0.600174
-0.0078,0.02316,0.597367
-0.0191,0.03772,0.593695
-0.0263,0.02686,0.591507
-0.029,0.0139,0.590754
-0.0271,-0.00028,0.59146
-0.0245,-0.0029,0.592299
-0.0162,-0.02166,0.595057
0.0349,-0.16028,0.588523
0.1387,-0.33914,0.553722
0.3117,-0.58134,0.497362
0.5528,-0.83386,0.419458
0.5369,-0.05968,0.430307
0.0277,1.52206,0.602744
-0.0055,0.1007,0.59876
-0.0355,0.0971,0.588077
-0.0686,0.11302,0.577524
-0.1037,0.12604,0.566361
-0.1386,0.13242,0.555312
-0.171,0.1314,0.545106
-0.1989,0.12348,0.536371
-0.2207,0.10954,0.529604
-0.2352,0.09054,0.525177
-0.2414,0.06688,0.523401
-0.239,0.0406,0.524356
-0.2281,0.01292,0.528
-0.209,-0.0155,0.534235
-0.1967,0.00244,0.537977
-0.1673,-0.05474,0.547676
-0.1317,-0.08046,0.559092
-0.0914,-0.10262,0.571962
-0.0485,-0.119,0.585609
-0.0266,-0.06038,0.59207
0.0186,-0.13932,0.59429
0.0643,-0.14996,0.578601
0.1088,-0.15526,0.564533
0.1654,-0.20288,0.546332
0.1924,-0.11948,0.53845
0.2094,-0.09288,0.533292
0.2164,-0.06428,0.531301
0.2141,-0.03592,0.53224
0.2066,-0.01882,0.534733
0.2169,-0.07428,0.531068
0.2267,-0.07474,0.527975
0.2516,-0.12502,0.519747
0.3051,-0.22152,0.502155
0.3284,-0.13558,0.495459
0.3646,-0.18152,0.483701
0.388,-0.1478,0.476579
0.3973,-0.10736,0.473952
0.3924,-0.06378,0.475826
0.3848,-0.05416,0.478294
0.3606,0.00048,0.486334
0.3443,-0.01996,0.491318
0.3047,0.05786,0.504388
0.2565,0.0933,0.519849
0.2023,0.12214,0.537151
0.1739,0.05042,0.545563
0.117,0.1473,0.564229
0.0593,0.16124,0.582523
0.0313,0.07774,0.59072
