0.76,-2.43504,0.342094
0.76,-0.15808,0.359284
0.7597,-0.160159,0.359386
0.7596,-0.163777,0.359413
0.7595,-0.166795,0.359445
0.7594,-0.169813,0.359477
0.7592,-0.17251,0.359542
0.759,-0.175506,0.359606
0.7587,-0.17818,0.359703
0.7584,-0.181154,0.359798
0.758,-0.183806,0.359927
0.7572,-0.185475,0.360189
0.7567,-0.189302,0.360341
0.7561,-0.191906,0.360533
0.7555,-0.194808,0.360723
0.7549,-0.197708,0.360913
0.7542,-0.200284,0.361137
0.7534,-0.202838,0.361393
0.7526,-0.205688,0.361646
0.7517,-0.208215,0.361934
0.7508,-0.211038,0.362219
0.7488,-0.210334,0.362877
0.7477,-0.215804,0.363205
0.7465,-0.21825,0.363587
0.7453,-0.220992,0.363968
0.744,-0.223408,0.364382
0.7426,-0.225798,0.364827
0.7411,-0.228162,0.365305
0.7396,-0.230821,0.36578
0.738,-0.233153,0.366289
0.7345,-0.229691,0.36744
0.7327,-0.237362,0.367972
0.7308,-0.239605,0.368576
0.7287,-0.2415,0.369246
0.7266,-0.243986,0.369911
0.7243,-0.245823,0.370644
0.722,-0.248251,0.371372
0.717,-0.242019,0.373017
0.7143,-0.251236,0.37382
0.7116,-0.253543,0.374675
0.7087,-0.255198,0.375598
0.7057,-0.25712,0.376551
0.7026,-0.259011,0.377535
0.6994,-0.260868,0.378551
0.696,-0.262372,0.379632
0.6925,-0.264142,0.380743
0.6888,-0.265558,0.381919
0.685,-0.267238,0.383125
0.6811,-0.268882,0.384363
0.677,-0.27017,0.385666
0.6684,-0.257624,0.388492
0.6638,-0.271359,0.389858
0.6592,-0.273076,0.391315
0.6544,-0.274133,0.39284
0.6442,-0.25847,0.396193
0.6389,-0.274666,0.39776
0.6334,-0.275499,0.399507
0.6277,-0.27627,0.401317
0.6218,-0.276977,0.40319
0.6095,-0.257755,0.407231
0.603,-0.276267,0.409158
0.5964,-0.277033,0.411251
0.5896,-0.277431,0.413409
0.5825,-0.277441,0.415665
0.5752,-0.277682,0.417981
0.5677,-0.277853,0.420361
0.56,-0.277953,0.422805
0.552,-0.277661,0.425345
0.5438,-0.277596,0.427947
0.5266,-0.249262,0.433598
0.5176,-0.274133,0.436264
0.5085,-0.274047,0.439148
0.4991,-0.273263,0.442132
0.4794,-0.240341,0.448605
0.4692,-0.268678,0.451621
0.4588,-0.267833,0.454919
0.4481,-0.266585,0.458315
0.4371,-0.265234,0.461806
0.4258,-0.263777,0.465392
0.4141,-0.261893,0.469106
0.3899,-0.221113,0.477054
0.3774,-0.255222,0.480748
0.3646,-0.253221,0.484809
0.3516,-0.251427,0.488931
0.3382,-0.2489,0.493185
0.3114,-0.204586,0.501976
0.2982,-0.243938,0.505849
0.2857,-0.244681,0.509793
0.2739,-0.245517,0.513514
0.2546,-0.220175,0.519797
0.2486,-0.25987,0.521396
0.2317,-0.224716,0.526996
0.2176,-0.231167,0.531398
0.1818,-0.159634,0.543228
0.1644,-0.212012,0.548323
0.1477,-0.211362,0.553597
0.1313,-0.209508,0.558784
0.099,-0.155744,0.569374
0.0831,-0.202096,0.574039
0.0674,-0.199826,0.579007
0.0516,-0.196572,0.584014
0.0357,-0.193235,0.589052
0.0195,-0.189173,0.59419
0.0029,-0.184664,0.599457
-0.0314,-0.124579,0.58941
-0.0491,-0.170642,0.584048
-0.067,-0.166194,0.578374
-0.0852,-0.161314,0.572603
-0.1039,-0.155658,0.566669
-0.1227,-0.151107,0.560712
-0.1614,-0.0830216,0.548004
-0.1813,-0.134716,0.542127
-0.2014,-0.129291,0.535756
-0.2213,-0.125026,0.529457
-0.2416,-0.118799,0.523019
-0.2628,-0.110808,0.516284
-0.2834,-0.107354,0.509772
-0.3049,-0.0991348,0.502942
-0.3266,-0.0928884,0.496065
-0.3481,-0.087796,0.48926
-0.3703,-0.0797748,0.482212
-0.4151,-0.0013544,0.467512
-0.4381,-0.060402,0.46072
-0.4604,-0.0562004,0.453673
-0.4834,-0.0475668,0.446372
-0.5292,0.03211,0.43135
-0.5521,-0.0298016,0.424615
-0.575,-0.0229216,0.417362
-0.5979,-0.01595,0.410109
-0.6211,-0.0079256,0.402754
-0.644,-0.0016696,0.395507
-0.6671,0.0062188,0.388186
-0.7135,0.0882528,0.372963
-0.7363,0.024958,0.366275
-0.759,0.032234,0.359088
-0.7814,0.0389396,0.352
-0.804,0.0472756,0.344837
-0.826,0.0531796,0.337883
-0.8483,0.0619328,0.330813
-0.8921,0.138761,0.316454
-0.9134,0.0791748,0.310216
-0.9344,0.0862124,0.303572
-0.9548,0.0923116,0.297124
-0.9754,0.100933,0.290595
-0.9952,0.106474,0.284341
-1.015,0.114494,0.27807
-1.0535,0.182508,0.265453
-1.0718,0.129855,0.260114
-1.0898,0.136914,0.254419
-1.1071,0.142703,0.248956
-1.1243,0.15034,0.24351
-1.1568,0.207367,0.23287
-1.1722,0.163836,0.22838
-1.1871,0.170064,0.223672
-1.2012,0.175289,0.219224
-1.215,0.182009,0.21486
-1.228,0.187121,0.21076
-1.2524,0.231211,0.202774
-1.2638,0.199546,0.199458
-1.2741,0.203402,0.19622
-1.284,0.209318,0.193093
-1.293,0.21359,0.190263
-1.3015,0.218996,0.187582
-1.3091,0.223053,0.185196
-1.3224,0.248102,0.180854
-1.3281,0.231755,0.179221
-1.3327,0.234706,0.177789
-1.3368,0.239373,0.176501
-1.3399,0.242352,0.175542
-1.3441,0.251869,0.174187
-1.3451,0.247849,0.173943
-1.3452,0.25055,0.173931
-1.3446,0.253708,0.174137
-1.343,0.25576,0.174666
-1.3408,0.258884,0.175377
-1.3339,0.248739,0.177669
-1.3291,0.259396,0.179141
-1.3237,0.26181,0.180865
-1.3174,0.26312,0.182881
-1.3104,0.264862,0.185114
-1.3024,0.265471,0.18767
-1.284,0.235727,0.193734
-1.2736,0.262742,0.196847
-1.2625,0.263472,0.200378
-1.2506,0.263694,0.204165
-1.2378,0.263385,0.20824
-1.2242,0.263162,0.212566
-1.2097,0.262401,0.217178
-1.1784,0.210454,0.227472
-1.1614,0.2546,0.232533
-1.144,0.254496,0.238053
-1.1257,0.252639,0.24387
-1.1066,0.250845,0.249937
-1.0866,0.248492,0.256292
-1.0658,0.246195,0.262899
-1.022,0.172523,0.277292
-0.9988,0.233678,0.284174
-0.9753,0.231979,0.291624
-0.951,0.228523,0.299338
-0.9261,0.225448,0.307239
-0.9001,0.220548,0.315499
-0.8735,0.216922,0.323937
-0.8182,0.123035,0.342101
-0.7891,0.198971,0.350726
-0.7601,0.196512,0.359909
-0.7303,0.191073,0.369365
-0.6999,0.185992,0.379008
-0.6685,0.179386,0.388976
-0.6366,0.174053,0.399091
-0.604,0.167849,0.409432
-0.5708,0.161692,0.419961
-0.5022,0.0437808,0.442489
-0.4669,0.138488,0.452917
-0.4319,0.134116,0.463996
-0.3958,0.125179,0.475454
-0.3594,0.118437,0.48699
-0.3223,0.110206,0.498757
-0.2847,0.102325,0.510677
-0.2077,-0.0304444,0.535957
-0.1682,0.0748284,0.547619
-0.0904,-0.05527,0.573127
-0.0509,0.0519336,0.584772
-0.0117,0.0450404,0.597181
0.0281,0.035168,0.590729
0.0682,0.0259752,0.577492
0.15,-0.116085,0.55064
0.1915,-0.0042508,0.538407
0.2324,-0.0115604,0.525467
0.2736,-0.0217948,0.512411
0.3149,-0.0316144,0.499327
0.3565,-0.0422604,0.486144
0.4399,-0.1861,0.458784
0.4822,-0.0731888,0.446316
0.5242,-0.0827856,0.43302
0.5666,-0.094732,0.419581
0.6096,-0.10757,0.405948
0.6528,-0.119422,0.392261
0.707,-0.16609,0.374845
0.784,-0.253026,0.349941
0.8279,-0.165817,0.336785
0.8711,-0.175842,0.323119
0.9144,-0.188459,0.309402
0.9576,-0.20063,0.295721
1.0007,-0.212952,0.282072
1.0852,-0.358393,0.254372
1.1262,-0.240598,0.24237
1.1652,-0.247059,0.230063
1.2032,-0.256472,0.21805
1.2402,-0.265832,0.206353
1.3108,-0.385996,0.183232
1.3444,-0.287093,0.173427
1.3759,-0.292597,0.163497
1.4063,-0.301002,0.153894
1.4353,-0.308343,0.14474
1.463,-0.315835,0.135996
1.4892,-0.322532,0.127732
1.5141,-0.329668,0.119874
1.5595,-0.406486,0.105031
1.58,-0.342206,0.0991013
1.5984,-0.34598,0.093321
1.6153,-0.351321,0.0880022
1.6307,-0.356424,0.0831584
1.6445,-0.360962,0.0788237
1.6567,-0.365229,0.0749958
1.6673,-0.369218,0.0716746
1.6763,-0.372923,0.0688603
1.6894,-0.394601,0.0646183
1.6934,-0.374874,0.0635573
1.6957,-0.377017,0.0628672
1.6963,-0.378822,0.0627156
1.6953,-0.380604,0.0630686
1.6926,-0.381734,0.0639622
1.6825,-0.364244,0.0673285
1.675,-0.377244,0.0696452
1.6659,-0.377288,0.0725637
1.6554,-0.377609,0.075921
1.6431,-0.376322,0.0798575
1.6294,-0.375899,0.0842284
1.614,-0.374175,0.0891445
1.5972,-0.373004,0.0944972
1.5787,-0.370519,0.100395
1.5372,-0.299368,0.11406
1.5144,-0.356965,0.120858
1.4902,-0.353886,0.128555
1.4648,-0.351065,0.136627
1.4378,-0.346616,0.145215
1.4096,-0.343015,0.154174
1.3488,-0.23845,0.174168
1.3162,-0.321795,0.183856
1.2831,-0.318807,0.194351
1.2485,-0.312381,0.205344
1.2128,-0.306792,0.216676
1.1756,-0.299555,0.228492
1.1375,-0.293785,0.24058
1.0574,-0.155994,0.2669
1.0155,-0.266276,0.279307
0.9735,-0.26147,0.292612
0.9302,-0.252631,0.306356
0.886,-0.244635,0.320376
0.8405,-0.234997,0.334817
0.7943,-0.226834,0.349466
0.6986,-0.0619888,0.380896
0.6492,-0.193606,0.395496
0.6,-0.186766,0.411074
0.5498,-0.175925,0.426997
0.4989,-0.16564,0.443134
0.4471,-0.154369,0.459561
0.3946,-0.143347,0.476205
0.3412,-0.131332,0.493139
0.2324,0.0556984,0.528853
0.1771,-0.09445,0.545158
0.1222,-0.0851588,0.562537
0.0668,-0.072846,0.580095
0.0107,-0.0595688,0.59788
-0.1028,0.135742,0.565357
-0.1602,-0.0204368,0.547961
-0.2168,-0.0106496,0.530053
-0.2736,0.0024048,0.512058
-0.3307,0.0160476,0.493966
-0.3878,0.0290188,0.47588
-0.5023,0.226128,0.438316
-0.5596,0.0682264,0.421461
-0.6152,0.0767072,0.40389
-0.6708,0.0905104,0.386279
-0.7259,0.102934,0.368839
-0.7807,0.116117,0.351489
-0.8348,0.128176,0.334369
-0.8885,0.14127,0.31737
-0.9413,0.152895,0.300667
-0.9934,0.165189,0.284181
-1.095,0.338389,0.250882
-1.1443,0.195926,0.23645
-1.1915,0.203832,0.221547
-1.2374,0.214062,0.207039
-1.2823,0.225171,0.19284
-1.3259,0.235294,0.17906
-1.3683,0.245648,0.165658
-1.4091,0.254644,0.152772
-1.4866,0.38619,0.127395
-1.5231,0.276583,0.116761
-1.557,0.281791,0.106083
-1.5893,0.289808,0.0958888
-1.6489,0.390224,0.0763942
-1.6762,0.305488,0.068478
-1.701,0.309752,0.0606796
-1.7234,0.313926,0.0536391
-1.7608,0.373449,0.0414541
-1.7758,0.316352,0.0372098
-1.7871,0.314661,0.0337144
-1.7959,0.316104,0.0309838
-1.8059,0.328928,0.0277893
-1.8067,0.308715,0.027744
-1.8003,0.293036,0.0299339
-1.7941,0.299572,0.0318931
-1.7862,0.300037,0.0344338
-1.7768,0.300764,0.037445
-1.7529,0.259496,0.0453428
-1.7384,0.29175,0.0497228
-1.7227,0.2919,0.0547226
-1.7053,0.290142,0.0602722
-1.6659,0.222925,0.073249
-1.6439,0.277301,0.0798235
-1.6207,0.275544,0.0871988
-1.5961,0.272808,0.0950221
-1.5424,0.180938,0.112689
-1.5133,0.254971,0.121349
-1.4835,0.252845,0.130804
-1.4522,0.247894,0.140751
-1.3856,0.134216,0.162644
-1.3505,0.227098,0.173049
-1.3146,0.222776,0.184437
-1.2393,0.0944736,0.209178
-1.1999,0.199093,0.220846
-1.12,0.0660932,0.247068
-1.0786,0.177628,0.25931
-0.995,0.0382876,0.286744
-0.9521,0.155616,0.299411
-0.9089,0.149712,0.3131
-0.8197,-0.0028496,0.342393
-0.7738,0.120966,0.355952
-0.7278,0.114377,0.370524
-0.6811,0.105661,0.385331
-0.6335,0.0959752,0.400428
-0.5363,-0.0701196,0.432336
-0.4867,0.0647072,0.446969
-0.4374,0.0574968,0.462577
-0.3373,-0.113574,0.495431
-0.2864,0.0249916,0.51044
-0.236,0.0173556,0.526391
-0.1854,0.0073772,0.542423
-0.0827,-0.169132,0.576129
-0.0307,-0.0273092,0.591453
0.0705,-0.195431,0.57677
0.1208,-0.0532744,0.560601
0.2188,-0.21685,0.528483
0.2675,-0.0797596,0.514173
0.315,-0.0869196,0.499155
0.41,-0.25006,0.467992
0.4572,-0.117928,0.454123
0.5031,-0.125221,0.439614
0.5936,-0.279495,0.409942
0.6382,-0.153268,0.396853
0.6811,-0.159472,0.383304
0.7649,-0.301992,0.355837
0.8057,-0.184375,0.343887
0.8446,-0.189833,0.331609
0.9198,-0.317452,0.30697
0.9559,-0.211196,0.29642
0.99,-0.215976,0.285665
1.023,-0.223368,0.275238
1.0855,-0.32871,0.254775
1.1149,-0.23975,0.246212
1.1422,-0.243478,0.237612
1.1681,-0.249131,0.229441
1.2158,-0.328934,0.21384
1.2374,-0.259904,0.207589
1.257,-0.262852,0.201426
1.2916,-0.319938,0.190128
1.3065,-0.269044,0.185854
1.3195,-0.271222,0.181779
1.3407,-0.305425,0.174879
1.3488,-0.27314,0.17261
1.3551,-0.27442,0.170655
1.3628,-0.285612,0.168185
1.3642,-0.272448,0.167884
1.3648,-0.275628,0.167712
1.3648,-0.279287,0.167726
1.3632,-0.27962,0.168268
1.3608,-0.282183,0.169047
1.3582,-0.286496,0.169875
1.3506,-0.275378,0.172395
1.3457,-0.287881,0.173886
1.3402,-0.290342,0.175642
1.3333,-0.290095,0.177859
1.3143,-0.255252,0.18415
1.3022,-0.278741,0.187827
1.2734,-0.227974,0.197326
1.2566,-0.265641,0.202376
1.2384,-0.262754,0.208172
1.2186,-0.258869,0.214479
1.1743,-0.181206,0.229065
1.1498,-0.240305,0.236377
1.0976,-0.151156,0.253537
1.0695,-0.222114,0.261892
1.0404,-0.217455,0.271131
0.9784,-0.110269,0.291513
0.9454,-0.19445,0.301309
0.8775,-0.0796804,0.323604
0.842,-0.173148,0.334115
0.8061,-0.167993,0.345495
0.731,-0.0382968,0.370168
0.6919,-0.141244,0.381738
0.6526,-0.135395,0.39419
0.5711,0.0052208,0.420958
0.5291,-0.106996,0.433368
0.4452,0.0337036,0.460889
0.4026,-0.0832868,0.473448
0.3601,-0.0765272,0.486906
0.2734,0.0723192,0.515367
0.2292,-0.0472576,0.528405
0.142,0.0986144,0.556997
0.0983,-0.0235388,0.569854
0.0551,-0.0166192,0.583525
-0.0321,0.132949,0.590353
-0.076,0.0121332,0.574935
-0.1614,0.154359,0.546948
-0.2037,0.0343336,0.534525
-0.245,0.0405736,0.521467
-0.3271,0.180702,0.49454
-0.3678,0.0661132,0.482586
-0.4073,0.0720424,0.470102
-0.485,0.204122,0.444628
-0.5231,0.0950348,0.433456
-0.5949,0.212874,0.409953
-0.6294,0.110392,0.399869
-0.6622,0.114501,0.389519
-0.7254,0.221242,0.368814
-0.7557,0.131625,0.359961
-0.8111,0.22125,0.341846
-0.8369,0.140957,0.334344
-0.8833,0.21557,0.319182
-0.9045,0.147828,0.313037
-0.9416,0.206715,0.300927
-0.958,0.151727,0.296201
-0.9727,0.153458,0.291583
-0.9982,0.19495,0.283262
-1.0088,0.156406,0.280242
-1.0252,0.181186,0.274916
-1.0312,0.155311,0.273251
-1.0383,0.164184,0.270978
-1.0397,0.151523,0.270663
-1.0395,0.150841,0.270763
-1.035,0.141181,0.272285
-1.0249,0.126461,0.275611
-1.0177,0.137792,0.277826
-1.0082,0.133024,0.280887
-0.9813,0.0793696,0.2898
-0.9639,0.108245,0.295097
-0.9232,0.033898,0.308515
-0.8992,0.0827948,0.315738
-0.8464,-0.0107796,0.333113
-0.8178,0.0593716,0.341624
-0.7597,-0.0377096,0.360694
-0.7296,0.0431888,0.369594
-0.6995,0.0399668,0.379127
-0.6372,-0.0665444,0.399588
-0.6051,0.020056,0.409072
-0.573,0.015928,0.419239
-0.5075,-0.095342,0.440741
-0.474,-0.004146,0.450627
-0.4081,-0.112894,0.472233
-0.3751,-0.0192932,0.481941
-0.3425,-0.0232432,0.492257
-0.2767,-0.134896,0.513849
-0.2104,-0.148815,0.534859
-0.1779,-0.0532032,0.544389
-0.1462,-0.0565584,0.554411
-0.0831,-0.163046,0.575107
-0.0518,-0.0736988,0.584301
-0.0214,-0.0769932,0.59391
0.0385,-0.177627,0.587419
0.0679,-0.0922788,0.577829
0.0963,-0.095344,0.568856
0.1514,-0.18707,0.550801
0.1782,-0.108242,0.542952
0.228,-0.188114,0.526659
0.2516,-0.115241,0.519777
0.2738,-0.116576,0.512777
0.3159,-0.18596,0.498992
0.3356,-0.124042,0.493259
0.371,-0.179706,0.481692
0.387,-0.126254,0.477063
0.4016,-0.12658,0.472471
0.4278,-0.168332,0.46391
0.4393,-0.128289,0.4606
0.4581,-0.155781,0.45448
0.4658,-0.125884,0.452293
0.4771,-0.140853,0.448632
0.4809,-0.121036,0.447598
0.4835,-0.11989,0.446802
0.4853,-0.119792,0.44625
0.4845,-0.11377,0.446562
0.4795,-0.102088,0.448241
0.4753,-0.105549,0.449553
0.4639,-0.0835244,0.453326
0.4566,-0.0961908,0.455546
0.4484,-0.0936444,0.458163
0.4291,-0.0582008,0.464527
0.418,-0.0822528,0.467858
0.4062,-0.0794176,0.471611
0.3799,-0.0321772,0.480269
0.3655,-0.0664592,0.484561
0.3506,-0.0633816,0.489291
0.3185,-0.0066356,0.499847
0.3015,-0.0497416,0.50489
0.2664,0.0105128,0.516417
0.2481,-0.0372196,0.521833
0.2298,-0.0344788,0.527629
0.1917,0.0317744,0.540144
0.172,-0.0201736,0.545968
0.1361,0.035062,0.557705
0.1225,-0.029608,0.561508
0.1091,-0.0279644,0.565748
0.0954,-0.024706,0.570094
0.0901,-0.0492064,0.571582
0.092,-0.0715544,0.570818
0.0935,-0.0710284,0.570352
0.0952,-0.0723492,0.569809
0.0953,-0.0679504,0.569813
0.094,-0.0638664,0.570257
0.0926,-0.0636568,0.570702
0.0883,-0.05445,0.57213
0.0855,-0.058732,0.572983
0.0785,-0.045046,0.575295
0.0743,-0.0529032,0.576562
0.0646,-0.0347216,0.579759
0.0592,-0.0467784,0.581372
0.0473,-0.0250876,0.585288
0.0407,-0.0398304,0.587258
0.034,-0.0383264,0.589383
0.0193,-0.0114636,0.59422
0.0114,-0.0303292,0.596568
-0.0047,-0.0024904,0.598663
-0.0132,-0.0235376,0.595627
-0.0217,-0.0217508,0.592935
-0.0393,0.0092264,0.587154
-0.0484,-0.01426,0.584464
-0.0665,0.016626,0.578528
-0.0756,-0.0082516,0.575849
-0.0846,-0.0064132,0.573001
-0.1026,0.0245972,0.567096
-0.1116,-0.0001564,0.564449
-0.1288,0.0283988,0.558816
-0.1372,0.0042276,0.556355
-0.1453,0.0055288,0.553796
-0.1609,0.0317924,0.548685
-0.1684,0.009666,0.546493
-0.1823,0.0323752,0.541946
-0.1887,0.01191,0.540088
-0.2002,0.0303108,0.53633
-0.2054,0.0132724,0.534826
-0.2143,0.0270096,0.531923
-0.2181,0.013342,0.530835
-0.2242,0.0223588,0.528851
-0.2266,0.0126452,0.528174
-0.2276,0.0095556,0.527889
-0.2233,-0.0063112,0.529371
-0.2171,-0.0123828,0.531378
-0.1987,-0.051868,0.537482
-0.1876,-0.0314376,0.540832
-0.1766,-0.0326312,0.544314
-0.1542,-0.0706944,0.551667
-0.1429,-0.0390828,0.554995
-0.121,-0.0747788,0.562171
-0.1102,-0.043198,0.565341
-0.0998,-0.0436788,0.568625
-0.0794,-0.0774412,0.575313
-0.0694,-0.0479636,0.578245
-0.0509,-0.07696,0.584297
-0.0421,-0.0494516,0.586865
-0.0339,-0.049156,0.589448
-0.0185,-0.073762,0.594489
-0.0113,-0.0505568,0.596584
0.0013,-0.069282,0.599814
0.0069,-0.0494296,0.597688
0.0162,-0.0624544,0.594659
0.0202,-0.0474352,0.593512
0.0262,-0.05474,0.591566
0.0284,-0.0438936,0.590955
0.0301,-0.042854,0.590428
0.0319,-0.0436416,0.589856
0.032,-0.0386896,0.589862
0.0317,-0.0375564,0.589966
0.0296,-0.0318548,0.590672
0.0278,-0.032506,0.591236
0.0231,-0.0229584,0.59279
0.0168,-0.0169656,0.594821
0.0131,-0.024078,0.595935
0.0091,-0.0224144,0.597208
0.0002,-0.0059352,0.600138
-0.0047,-0.0169364,0.59841
-0.0145,-0.0002184,0.595186
-0.0318,0.0258688,0.589537
-0.0606,0.0663712,0.580155
-0.0312,-0.113984,0.590783
0.038,-0.247376,0.58781
0.0799,-0.174176,0.573745
0.099,-0.109992,0.568212
0.1166,-0.109478,0.562671
0.1486,-0.159672,0.55221
0.1629,-0.110084,0.548081
0.1756,-0.108526,0.544095
0.1971,-0.140015,0.537086
0.2058,-0.104178,0.53462
0.2185,-0.119592,0.530507
0.2225,-0.095182,0.529437
0.2259,-0.0949656,0.528374
0.2253,-0.0837468,0.528654
0.2197,-0.0685056,0.530541
0.2148,-0.0704848,0.532077
0.201,-0.0418288,0.536649
0.1922,-0.0558376,0.539323
0.1712,-0.0157224,0.546251
0.1591,-0.0406388,0.549882
0.1462,-0.0362436,0.553986
0.1174,0.0167468,0.563467
0.1016,-0.0194996,0.568178
0.0688,0.0377852,0.578951
0.0515,-0.0054608,0.58408
0.0341,-0.0018172,0.589593
-0.0019,0.0611904,0.600127
-0.0392,0.0727072,0.58674
-0.0578,0.0205584,0.581272
-0.0759,0.022982,0.575551
-0.1119,0.0843296,0.563744
-0.1297,0.0338084,0.558517
-0.1631,0.0879408,0.547586
-0.1789,0.0390164,0.542979
-0.2076,0.0842868,0.533597
-0.2208,0.04131,0.529767
-0.2438,0.0762852,0.522261
-0.2538,0.0403004,0.519387
-0.2703,0.0641816,0.514014
-0.2769,0.0369092,0.512148
-0.2864,0.0486548,0.509073
-0.2894,0.0309124,0.50827
-0.292,0.0314004,0.507456
-0.2916,0.0234868,0.50765
-0.2874,0.0123964,0.509067
-0.2776,-0.0052532,0.512297
-0.2715,0.0057128,0.514146
-0.2766,0.0414392,0.512277
-0.1826,-0.27393,0.544291
-0.1329,-0.150439,0.559031
-0.0374,-0.306789,0.590314
0.0086,-0.167524,0.597928
0.0523,-0.169573,0.582447
0.1356,-0.305575,0.555167
0.175,-0.182455,0.543681
0.2114,-0.181581,0.53222
0.2781,-0.286933,0.510408
0.3081,-0.184066,0.501737
0.3348,-0.180845,0.493355
0.3807,-0.249148,0.478382
0.3996,-0.173526,0.473007
0.4152,-0.168407,0.46814
0.4378,-0.195678,0.460824
0.4448,-0.152057,0.45896
0.4493,-0.147254,0.457591
0.447,-0.128182,0.458473
0.4336,-0.0939368,0.462969
0.4226,-0.100627,0.466398
0.4091,-0.0920636,0.470731
0.3744,-0.0230212,0.482201
0.3533,-0.0610144,0.488576
0.3303,-0.0520356,0.495904
0.2781,0.044892,0.513098
0.2503,-0.0237492,0.521351
0.2272,-0.034138,0.528561
0.1961,-0.0047024,0.538592
0.1851,-0.0635428,0.541622
0.1729,-0.0581944,0.545513
0.1441,-0.0032108,0.55501
0.1275,-0.0370008,0.559992
0.0914,0.0283536,0.571867
0.0718,-0.0175136,0.577702
0.0309,0.0544428,0.591138
0.0094,0.0005052,0.597509
-0.0338,0.0743804,0.588743
-0.0558,0.0154036,0.581829
-0.099,0.0880396,0.567667
-0.1204,0.0274012,0.561382
-0.1412,0.030326,0.554807
-0.1819,0.0988936,0.541466
-0.2018,0.0412808,0.535634
-0.2207,0.0429436,0.52967
-0.2566,0.10215,0.517915
-0.2734,0.0493036,0.513026
-0.2891,0.0503,0.508078
-0.3176,0.0956704,0.498762
-0.3304,0.052452,0.495063
-0.3517,0.0836188,0.488124
-0.3524,0.0233684,0.488368
-0.3097,-0.114133,0.502874
-0.2672,-0.120964,0.516331
-0.2236,-0.13209,0.530165
-0.1343,-0.286512,0.559483
-0.0902,-0.159372,0.572428
-0.0081,-0.289759,0.599291
0.0305,-0.167101,0.589833
0.0995,-0.272499,0.566925
0.1594,-0.257817,0.548158
0.1852,-0.161418,0.540758
0.2077,-0.156848,0.533706
0.2448,-0.209048,0.521625
0.2594,-0.145505,0.51751
0.2707,-0.138948,0.514005
0.285,-0.151948,0.509408
0.288,-0.1198,0.508714
0.288,-0.111952,0.508781
0.2798,-0.0868312,0.511564
0.2607,-0.051354,0.51786
0.2474,-0.0670836,0.521942
0.2141,-0.00128,0.532941
0.1942,-0.0382768,0.538941
0.1495,0.0444652,0.55366
0.1247,-0.0107736,0.561065
0.0988,-0.0026888,0.569293
0.0432,0.0973584,0.587575
0.0137,0.0249036,0.596328
-0.0458,0.126987,0.584768
-0.0761,0.0457512,0.575211
-0.135,0.143871,0.555909
-0.1639,0.0603068,0.547434
-0.2185,0.149201,0.529559
-0.2695,0.149679,0.513487
-0.293,0.0730508,0.506666
-0.3148,0.07357,0.4998
-0.3542,0.135667,0.486923
-0.3719,0.0755944,0.481807
-0.401,0.117218,0.472333
-0.4127,0.0690092,0.46902
-0.4223,0.0663184,0.466027
-0.4385,0.0911124,0.460747
-0.4188,-0.0188524,0.467799
-0.3346,-0.227854,0.495926
-0.286,-0.12963,0.510514
-0.1906,-0.288348,0.541789
-0.1434,-0.152614,0.555648
-0.098,-0.155902,0.569987
-0.0098,-0.301903,0.598891
0.0738,-0.305118,0.575178
0.1122,-0.177647,0.563594
0.1797,-0.279166,0.541557
0.2362,-0.25841,0.52391
0.2596,-0.164829,0.517247
0.2954,-0.21037,0.505628
0.3177,-0.175601,0.49887
0.3236,-0.128876,0.497372
0.331,-0.13618,0.494995
0.3547,-0.191238,0.487119
0.4446,-0.409597,0.457148
0.535,-0.431317,0.428504
0.5726,-0.282727,0.417789
0.6288,-0.352282,0.399568
0.6616,-0.291289,0.389709
0.6688,-0.218604,0.388007
0.665,-0.187504,0.38946
0.6384,-0.116338,0.398401
0.59,-0.0436176,0.414223
0.5584,-0.0899312,0.423852
0.4832,0.053976,0.448656
0.3919,0.118968,0.477938
0.3415,0.0049824,0.492976
0.2356,0.19172,0.527773
0.1217,0.238013,0.56403
0.0634,0.0826196,0.581238
-0.0516,0.275926,0.583924
-0.1662,0.298311,0.544767
-0.2139,0.108006,0.531172
-0.2148,-0.0313544,0.531946
-0.1597,-0.209736,0.550664
-0.1306,-0.137033,0.559293
-0.0755,-0.225751,0.577333
-0.0242,-0.224514,0.593495
-0.0008,-0.145491,0.600276
0.0206,-0.143854,0.593027
0.0585,-0.201168,0.580614
0.0893,-0.186385,0.571019
0.1013,-0.13279,0.567644
0.1177,-0.149741,0.56235
0.1223,-0.11575,0.56116
0.1239,-0.107566,0.560721
0.121,-0.0939696,0.561741
0.1456,-0.181972,0.553328
0.1726,-0.195262,0.544722
0.2495,-0.36134,0.519236
0.3145,-0.339898,0.498918
0.3404,-0.22914,0.491599
0.3766,-0.268786,0.4799
0.3936,-0.216161,0.47495
0.3947,-0.17026,0.474961
0.3823,-0.128809,0.479194
0.3514,-0.0685344,0.4894
0.3294,-0.092152,0.496166
0.2743,0.0170708,0.514367
0.2045,0.0743128,0.536807
0.1651,-0.0096676,0.548599
0.1237,0.0041176,0.561757
0.0336,0.168103,0.591396
-0.0649,0.213263,0.578736
-0.1155,0.0801448,0.562273
-0.2154,0.248886,0.529517
-0.3149,0.268846,0.498011
-0.3629,0.125398,0.483973
-0.452,0.268326,0.454822
-0.4679,0.0537772,0.451442
-0.4062,-0.189738,0.472739
-0.2525,-0.495468,0.523502
-0.0983,-0.527415,0.572353
-0.0236,-0.30376,0.594215
0.1165,-0.528446,0.561
0.1818,-0.317834,0.540941
0.298,-0.494966,0.502986
0.349,-0.310962,0.488307
0.4325,-0.426892,0.461125
0.4655,-0.283854,0.451815
0.5112,-0.333138,0.437053
0.5245,-0.240696,0.433574
0.5313,-0.224682,0.431567
0.5129,-0.147453,0.437965
0.4946,-0.146072,0.443759
0.4522,-0.0671004,0.457733
0.4538,-0.201236,0.456231
0.4566,-0.207222,0.455317
0.4458,-0.166045,0.459046
0.4322,-0.156654,0.463416
0.3896,-0.0626924,0.477565
0.3608,-0.0997756,0.486375
0.2905,0.0376224,0.50958
0.2491,-0.041794,0.522039
0.1576,0.126176,0.552153
0.1073,0.0122064,0.567152
0.0554,0.0271648,0.583627
-0.0552,0.225606,0.582521
-0.1134,0.0804992,0.562766
-0.1617,0.061106,0.547692
-0.1408,-0.150111,0.555877
-0.1055,-0.199949,0.567383
-0.0406,-0.301566,0.588609
-0.0121,-0.198018,0.596812
0.0335,-0.258572,0.588905
0.0648,-0.222191,0.578768
0.0798,-0.17661,0.574386
0.081,-0.135774,0.574318
0.0715,-0.10206,0.577569
0.047,-0.0523484,0.585668
0.0295,-0.0699664,0.591052
0.0089,-0.056582,0.597647
-0.0414,0.0427436,0.586152
-0.0709,-0.0134728,0.576877
-0.1356,0.10561,0.555588
-0.208,0.144022,0.532482
-0.246,0.0494056,0.521225
-0.3224,0.181175,0.496158
-0.3611,0.0772596,0.484753
-0.4357,0.201622,0.460313
-0.4721,0.0961908,0.449648
-0.5364,0.194896,0.428651
-0.5166,-0.0592972,0.436825
-0.4583,-0.184624,0.456161
-0.3313,-0.414799,0.49794
-0.2064,-0.432653,0.537452
-0.0913,-0.425908,0.573686
-0.0394,-0.24653,0.588695
0.0506,-0.379033,0.58372
0.1239,-0.344088,0.559099
0.1766,-0.293535,0.542873
0.1943,-0.192852,0.538059
0.2129,-0.200124,0.532147
0.2143,-0.149661,0.532093
0.2014,-0.104986,0.536502
0.1875,-0.0999564,0.540927
0.1462,-0.0100812,0.554628
0.119,-0.0474172,0.562924
0.0543,0.0778056,0.584265
-0.0239,0.134041,0.593118
-0.0826,0.0876116,0.57251
-0.099,-0.0356124,0.568273
-0.1081,-0.05526,0.565556
-0.1312,-0.0081152,0.557922
-0.1453,-0.031714,0.55366
-0.1772,0.0287748,0.543154
-0.1951,-0.0088648,0.537801
-0.2332,0.060288,0.525277
-0.2534,0.0116416,0.519283
-0.2945,0.0837396,0.505793
-0.3155,0.0289016,0.499596
-0.3565,0.0985276,0.486158
-0.3841,0.065384,0.477719
-0.3398,-0.157817,0.493377
-0.2541,-0.29814,0.521457
-0.1689,-0.313005,0.548431
-0.1293,-0.183608,0.559942
-0.0594,-0.28825,0.582767
-0.0006,-0.266708,0.60114
0.0438,-0.232563,0.58515
0.0599,-0.151122,0.580664
0.0797,-0.166501,0.574309
0.0841,-0.121518,0.573263
0.0731,-0.07341,0.577096
0.0471,-0.0233984,0.58567
0.0289,-0.043274,0.591258
-0.0158,0.0452292,0.595292
-0.0423,-0.0039016,0.586003
-0.1009,0.104522,0.566716
-0.167,0.14091,0.545611
-0.2018,0.0547772,0.535297
-0.2717,0.175144,0.512363
-0.3428,0.194335,0.489816
-0.4111,0.20124,0.468247
-0.443,0.100192,0.458967
-0.4989,0.185367,0.440719
-0.5173,0.0786164,0.435739
-0.4957,-0.0437208,0.443485
-0.4696,-0.0605624,0.451853
-0.4141,-0.158206,0.470097
-0.385,-0.083286,0.478717
-0.356,-0.087362,0.4879
-0.2974,-0.186692,0.50713
-0.2385,-0.198418,0.525792
-0.2102,-0.111438,0.534063
-0.1581,-0.192625,0.551103
-0.134,-0.112909,0.558103
-0.0918,-0.175282,0.571879
-0.0568,-0.160455,0.582801
-0.0424,-0.101365,0.586896
-0.0209,-0.126882,0.593867
-0.0084,-0.102348,0.597622
-0.0056,-0.0737856,0.59829
-0.007,-0.0608776,0.597751
-0.011,-0.0522336,0.596425
0.066,-0.310898,0.577852
0.0493,-0.0266548,0.584763
0.0731,-0.153207,0.576309
0.1146,-0.215066,0.562764
0.1316,-0.145492,0.557934
0.1548,-0.169351,0.550445
0.1612,-0.120876,0.548798
0.1642,-0.111933,0.547925
0.1605,-0.0917348,0.549248
0.1439,-0.0502904,0.554798
0.1151,-0.0083908,0.564196
0.0751,0.0329088,0.577118
0.026,0.0699248,0.592876
-0.0013,0.00999,0.600147
-0.0592,0.113607,0.57994
-0.09,0.0388268,0.570798
-0.152,0.145435,0.550455
-0.2153,0.162856,0.530376
-0.2765,0.169902,0.51104
-0.3324,0.166512,0.493454
-0.3806,0.154574,0.478362
-0.4012,0.0774988,0.472462
-0.4349,0.125278,0.461491
-0.4593,0.104096,0.453974
-0.4676,0.059326,0.451709
-0.4762,0.0638508,0.448978
-0.4687,0.0159256,0.451718
-0.4274,-0.0920248,0.465563
-0.343,-0.236833,0.49327
-0.2965,-0.131247,0.507141
-0.2039,-0.287251,0.537513
-0.1124,-0.301802,0.566469
-0.027,-0.300474,0.59338
0.0476,-0.283184,0.584458
0.1082,-0.253737,0.564359
0.1326,-0.150547,0.55745
0.1692,-0.195144,0.545581
0.1906,-0.154586,0.539147
0.1953,-0.106208,0.538036
0.1931,-0.08584,0.538889
0.1863,-0.0714252,0.541147
0.1624,-0.0159948,0.549103
0.1455,-0.0341968,0.554298
0.1032,0.0500504,0.56827
0.0781,0.003158,0.575831
0.0224,0.106008,0.594165
-0.0405,0.14035,0.586763
-0.0736,0.0578648,0.57594
-0.14,0.171605,0.554156
-0.2071,0.187953,0.532887
-0.2713,0.193178,0.512619
-0.3287,0.185573,0.494592
-0.3542,0.09639,0.487237
-0.3972,0.159079,0.473222
-0.4306,0.138681,0.46286
-0.4432,0.080574,0.45934
-0.4593,0.0961312,0.454161
-0.464,0.0647272,0.452931
-0.462,0.0460752,0.453716
-0.4496,0.0141936,0.457878
-0.4263,-0.0214612,0.465505
-0.4108,0.000482,0.470237
-0.3739,-0.0696024,0.482409
-0.3288,-0.101907,0.496879
-0.274,-0.140871,0.514455
-0.6322,1.1723,0.391661
0.4859,-3.48217,0.449409
0.3712,0.237689,0.485024
0.2791,0.187193,0.513684
0.3865,-0.434333,0.475154
0.4736,-0.392748,0.448026
0.6521,-0.705256,0.389422
0.82,-0.710316,0.336483
0.9688,-0.686651,0.289785
1.0923,-0.63982,0.251241
1.1427,-0.435171,0.236932
1.2175,-0.528201,0.212688
1.2577,-0.437472,0.200738
1.2594,-0.32735,0.201071
1.2454,-0.282431,0.20586
1.1901,-0.152232,0.224309
1.1491,-0.191528,0.236972
1.0441,0.0172956,0.271676
0.9085,0.132582,0.315317
0.8313,-0.0305036,0.338448
0.6643,0.269639,0.393373
0.5741,0.0549828,0.420205
0.3882,0.37771,0.48125
0.2919,0.127002,0.509724
0.1002,0.451142,0.5726
-0.092,0.49145,0.571046
-0.1857,0.215432,0.539064
-0.2761,0.224717,0.510506
-0.4506,0.513719,0.453334
-0.6145,0.517157,0.401662
-0.6895,0.268215,0.379918
-0.8203,0.465056,0.337227
-0.8769,0.257284,0.320978
-0.9678,0.382235,0.291412
-1.003,0.226187,0.281523
-1.0306,0.21303,0.272953
-1.0661,0.248094,0.26153
-1.0749,0.174054,0.259347
-1.0691,0.13337,0.261514
-1.0379,0.0550816,0.271971
-1.013,0.0730536,0.279715
-0.947,-0.0596584,0.301549
-0.8602,-0.135978,0.329511
-0.7569,-0.20311,0.362603
-0.7009,-0.0696064,0.37927
-0.584,-0.27335,0.417673
-0.5228,-0.116399,0.435797
-0.4006,-0.322237,0.475882
-0.277,-0.350049,0.515061
-0.2165,-0.171983,0.532796
-0.1027,-0.354232,0.570046
-0.0487,-0.185437,0.585797
0.0491,-0.336594,0.584439
0.135,-0.318614,0.555298
0.2052,-0.286374,0.533419
0.2333,-0.166628,0.525471
0.2752,-0.217508,0.511888
0.2996,-0.171087,0.504556
0.3051,-0.116707,0.503241
0.3029,-0.0943788,0.504112
0.2955,-0.0784808,0.506573
0.2693,-0.017918,0.515297
0.2506,-0.0376804,0.52105
0.2043,0.0535624,0.536339
0.1767,0.0022756,0.544658
0.1157,0.114213,0.564734
0.0823,0.0377636,0.574688
0.0127,0.160233,0.597552
-0.0607,0.186556,0.579689
-0.134,0.201452,0.5559
-0.2033,0.204125,0.534041
-0.2355,0.100207,0.524682
-0.2934,0.19006,0.505762
-0.3195,0.101158,0.498214
-0.3636,0.165433,0.483839
-0.398,0.144805,0.473163
-0.4209,0.116568,0.46617
-0.4277,0.0713392,0.46438
-0.4321,0.0667476,0.463041
-0.4249,0.0322072,0.465584
-0.4171,0.0305156,0.468068
-0.3939,-0.0187488,0.475764
-0.3785,0.0030852,0.480466
-0.3418,-0.0667876,0.492571
-0.297,-0.0988596,0.506944
-0.2723,-0.0424104,0.514313
-0.2204,-0.133509,0.531366
-0.193,-0.0647168,0.539491
-0.1378,-0.158606,0.557603
-0.1098,-0.0821664,0.565856
-0.0557,-0.171064,0.583582
-0.0033,-0.17643,0.60014
0.045,-0.17397,0.584804
0.0667,-0.0987772,0.578383
0.1046,-0.155376,0.566013
0.121,-0.0946396,0.561305
0.1474,-0.130509,0.552717
0.1577,-0.0849,0.549819
0.1717,-0.0994868,0.545301
0.1775,-0.0767568,0.543649
0.1748,-0.051416,0.544696
0.1703,-0.0457972,0.546162
0.1558,-0.0135204,0.550981
0.1343,0.0112424,0.557949
0.1211,-0.011502,0.561942
0.0915,0.043252,0.571689
0.0573,0.0636628,0.582625
0.039,0.0194668,0.588061
0.0018,0.0835996,0.600271
-0.0173,0.0331888,0.59417
-0.0546,0.0954672,0.581863
-0.0729,0.0424188,0.576496
-0.1071,0.0973872,0.565305
-0.1232,0.0468,0.560615
-0.1519,0.0909476,0.551239
-0.1763,0.0836328,0.543608
-0.1864,0.0434984,0.540733
-0.2024,0.065208,0.535532
-0.229,0.103244,0.526867
-0.3146,0.298622,0.49842
-0.3899,0.284342,0.474803
-0.6032,0.743415,0.404123
-0.4994,-0.226648,0.444172
-0.1968,-0.88278,0.544512
-0.0389,-0.480105,0.591251
0.042,-0.265453,0.586627
0.0804,-0.145954,0.573666
0.1528,-0.263046,0.549966
0.2202,-0.262406,0.528731
0.2509,-0.15945,0.519838
0.3039,-0.238166,0.502547
0.3466,-0.217192,0.489255
0.3766,-0.186598,0.480041
0.3862,-0.128863,0.477461
0.3948,-0.129162,0.47476
0.39,-0.0895624,0.476583
0.3826,-0.0818128,0.478986
0.3585,-0.0283268,0.486997
0.342,-0.0491948,0.492051
0.3013,0.03034,0.50549
0.2772,-0.0157488,0.512747
0.2239,0.0816156,0.530289
0.1945,0.0150176,0.539061
0.1332,0.122445,0.559198
0.068,0.146913,0.579937
0.0349,0.0570932,0.589695
-0.0294,0.163671,0.590813
-0.0612,0.0727756,0.579897
-0.1251,0.182356,0.558932
-0.1571,0.0936844,0.549518
-0.2134,0.178698,0.531136
-0.2598,0.159317,0.516664
-0.2947,0.132976,0.50587
-0.3172,0.101545,0.499024
-0.3237,0.0561396,0.497327
-0.3277,0.0507504,0.496117
-0.3254,0.032692,0.496988
-0.3126,-0.0001176,0.501279
-0.3002,-0.0001968,0.505198
-0.256,-0.103413,0.519917
-0.1992,-0.151776,0.538192
-0.0784,-0.367622,0.577901
-0.0165,-0.203236,0.596174
0.1016,-0.395863,0.565895
0.213,-0.398895,0.530017
0.3113,-0.3805,0.499178
0.3538,-0.223015,0.486979
0.4234,-0.319929,0.464322
0.4512,-0.201894,0.456462
0.4902,-0.245254,0.443856
0.502,-0.168022,0.440734
0.5094,-0.15834,0.43849
0.4961,-0.0955644,0.443171
0.482,-0.0922724,0.447655
0.4402,-0.0025732,0.46152
0.4127,-0.041624,0.469907
0.3473,0.0837668,0.491479
0.2684,0.138973,0.516774
0.2251,0.0399328,0.529683
0.1348,0.198454,0.559347
0.0437,0.218899,0.588219
-0.0025,0.0934488,0.60014
-0.0037,-0.0412964,0.598801
0.002,-0.0631444,0.599405
0.0074,-0.063354,0.597534
0.0108,-0.0580772,0.596502
0.0118,-0.0511244,0.59624
0.0113,-0.0465696,0.596432
0.0083,-0.0385028,0.597439
0.0059,-0.0398464,0.598186
-0.0008,-0.0256032,0.599862
-0.0051,-0.0319228,0.598287
-0.0151,-0.0127624,0.594991
-0.0273,-0.0036132,0.591077
-0.0412,0.0044316,0.586636
-0.0563,0.0112768,0.581827
-0.0641,-0.0088068,0.579521
-0.0798,0.0183524,0.57437
-0.0958,0.0228356,0.569295
-0.1037,0.0005304,0.566976
-0.1187,0.0253052,0.562065
-0.1258,0.0035284,0.559995
-0.1286,-0.0082972,0.559205
-0.071,-0.200733,0.578815
0.0421,-0.390022,0.587319
0.1511,-0.400126,0.549677
0.2478,-0.383557,0.519327
0.2895,-0.228055,0.507363
0.3577,-0.322626,0.485163
0.4068,-0.276773,0.470043
0.4234,-0.184287,0.465521
0.4397,-0.188406,0.460365
0.527,-0.420974,0.431108
0.7083,-0.742067,0.371559
0.7902,-0.463408,0.347867
0.9273,-0.660137,0.303194
1.0269,-0.571664,0.272496
1.0834,-0.457998,0.255576
1.0942,-0.327435,0.253189
1.082,-0.260323,0.257573
1.0597,-0.229802,0.264865
0.9854,-0.0628832,0.289574
0.8731,0.0700844,0.326002
0.8044,-0.0501932,0.346775
0.6487,0.239352,0.398058
0.5618,0.0480848,0.424026
0.4725,0.0712548,0.452364
0.5099,-0.318365,0.437653
0.5237,-0.25242,0.433816
0.5326,-0.24163,0.431108
0.528,-0.202322,0.43287
0.5006,-0.130444,0.442064
0.4781,-0.142557,0.44908
0.4177,-0.0184476,0.469068
0.3798,-0.0798868,0.480563
0.3231,-0.0134392,0.498947
0.4901,-0.7199,0.440993
0.6043,-0.586757,0.406016
0.8123,-0.913006,0.338015
0.905,-0.589266,0.311262
1.0655,-0.829028,0.258893
1.1322,-0.565497,0.239889
1.2355,-0.700899,0.206342
1.2961,-0.590103,0.188114
1.309,-0.454819,0.185107
1.2988,-0.388674,0.18886
1.276,-0.351418,0.196367
1.1975,-0.173408,0.22249
1.0766,-0.0263348,0.261742
1.0283,-0.238588,0.275398
1.0315,-0.397854,0.27322
1.0467,-0.441081,0.268134
1.0472,-0.40127,0.268308
1.0193,-0.314567,0.277787
0.989,-0.305263,0.287438
0.8982,-0.109196,0.317566
0.8381,-0.192628,0.335907
0.6939,0.0857364,0.383482
0.6099,-0.0805032,0.408726
0.4256,0.255554,0.469368
0.325,0.0232744,0.499338
0.1279,0.351683,0.563948
0.0471,0.0187544,0.58691
0.0273,-0.160395,0.591801
0.0051,-0.148775,0.598887
-0.0509,-0.0359716,0.582842
-0.122,0.0240364,0.559751
-0.1621,-0.0602952,0.547751
-0.249,0.0984808,0.519168
-0.2958,-0.011276,0.505252
-0.3927,0.159975,0.473428
-0.4949,0.198294,0.440938
-0.5465,0.0590004,0.425739
-0.6472,0.229029,0.392734
-0.6967,0.088116,0.378214
-0.7902,0.241977,0.347604
-0.8346,0.106895,0.334652
-0.8277,-0.045074,0.337998
-0.7681,-0.212022,0.358067
-0.6454,-0.42328,0.398357
-0.5844,-0.248042,0.416282
-0.5254,-0.251741,0.434924
-0.4127,-0.43373,0.471834
-0.3598,-0.263471,0.487237
-0.2659,-0.404187,0.517905
-0.2247,-0.253428,0.529762
-0.1575,-0.344238,0.551635
-0.131,-0.226914,0.559108
-0.0944,-0.264157,0.570928
-0.0839,-0.187621,0.573664
-0.0786,-0.172767,0.575225
-0.0825,-0.144057,0.573781
-0.1057,-0.081094,0.565997
-0.1232,-0.0942012,0.560583
-0.1506,-0.0584188,0.551681
-0.1638,-0.0977236,0.547821
-0.201,-0.0174796,0.535496
-0.225,-0.0513796,0.528193
-0.2822,0.0607892,0.509325
-0.3152,-0.00395,0.49942
-0.387,0.128358,0.475801
-0.5093,0.306355,0.435923
-0.5525,0.0799052,0.424029
-0.6347,0.215884,0.397112
-0.6748,0.100303,0.385363
-0.7498,0.223002,0.360819
-0.7852,0.114423,0.350502
-0.8183,0.117416,0.34007
-0.8496,0.121675,0.330197
-0.9062,0.21252,0.311698
-0.9149,0.0742192,0.310026
0.9012,-5.76701,0.314872
-0.8225,5.20042,0.341269
-0.7844,-0.089458,0.352418
-0.6951,-0.258138,0.38186
-0.5977,-0.299527,0.412893
-0.549,-0.160971,0.427216
-0.5016,-0.164544,0.4422
-0.4082,-0.319592,0.472823
-0.3628,-0.18322,0.486117
-0.3198,-0.183341,0.499682
-0.2783,-0.186028,0.512792
-0.2009,-0.308404,0.538119
-0.1654,-0.189143,0.548416
-0.1332,-0.18515,0.55854
-0.1036,-0.182856,0.567856
-0.0768,-0.179508,0.576281
-0.0319,-0.242661,0.590912
-0.0139,-0.165505,0.596005
0.0003,-0.156946,0.600213
0.0112,-0.149271,0.596206
0.0189,-0.141287,0.59384
0.0244,-0.135884,0.592147
0.0222,-0.112433,0.593018
0.0166,-0.10118,0.594869
0.0079,-0.0901712,0.597695
-0.0187,-0.0310764,0.593833
-0.0365,-0.0537704,0.588037
-0.0569,-0.0416628,0.581517
-0.1052,0.052118,0.565587
-0.133,-0.00329,0.557246
-0.1623,0.0077192,0.547932
-0.2262,0.125204,0.52691
-0.2605,0.044306,0.516716
-0.2951,0.0533064,0.50575
-0.3667,0.180093,0.482235
-0.4032,0.083706,0.471468
-0.439,0.090522,0.460145
-0.4746,0.0989404,0.448874
-0.5097,0.106499,0.437768
-0.5778,0.22143,0.415453
-0.6104,0.123892,0.40593
-0.6408,0.125935,0.396351
-0.6966,0.216082,0.378103
-0.7216,0.131568,0.370881
-0.7438,0.130583,0.363913
-0.7636,0.130398,0.357696
-0.7957,0.1769,0.347251
-0.8077,0.122231,0.343905
-0.822,0.135279,0.339324
-0.8244,0.103357,0.338833
-0.8236,0.0968912,0.339158
-0.8197,0.09009,0.340464
-0.8127,0.0826408,0.342751
-0.8028,0.075172,0.345952
-0.7898,0.0664312,0.35014
-0.755,-0.0029088,0.361655
-0.733,0.0340232,0.368334
-0.7091,0.0263796,0.375947
-0.6846,0.022418,0.38372
-0.6521,-0.0054736,0.394195
-0.6159,-0.02135,0.405744
-0.579,-0.028514,0.417447
-0.4991,-0.171498,0.443727
-0.4566,-0.0659712,0.456342
-0.4137,-0.0740964,0.469939
-0.3699,-0.0840768,0.483832
-0.2802,-0.238596,0.513281
-0.2345,-0.114798,0.52676
-0.1899,-0.119658,0.540862
-0.1455,-0.127356,0.55492
-0.1016,-0.13423,0.568813
-0.0583,-0.140857,0.582514
0.0257,-0.27986,0.592597
0.066,-0.157084,0.578184
0.1038,-0.157559,0.566268
0.1398,-0.159918,0.554907
0.1739,-0.161734,0.544149
0.2357,-0.258136,0.523949
0.2632,-0.161789,0.516014
0.2873,-0.157558,0.508458
0.3088,-0.155294,0.501707
0.3432,-0.202246,0.49052
0.3561,-0.141751,0.48692
0.3714,-0.153496,0.48202
0.3741,-0.117733,0.48145
0.3734,-0.108886,0.481748
0.3696,-0.100305,0.483022
0.3628,-0.091396,0.485244
0.353,-0.081848,0.488416
0.3402,-0.0716488,0.492538
0.3246,-0.0614272,0.497542
0.3063,-0.0508924,0.503399
0.2853,-0.0397336,0.510112
0.2619,-0.0289012,0.517577
0.2362,-0.017806,0.525769
0.1783,0.0896608,0.544836
0.1464,0.0174552,0.554352
0.08,0.133915,0.576163
0.0454,0.0452536,0.586403
0.0109,0.05181,0.597328
-0.0242,0.0607268,0.592034
-0.0596,0.0689452,0.580322
-0.0952,0.077046,0.569042
-0.1306,0.0840484,0.557834
-0.1658,0.0911516,0.54669
-0.2005,0.0973936,0.535711
-0.2844,0.262911,0.508024
-0.3694,0.284689,0.481077
-0.3871,0.0878772,0.476993
-0.5674,0.614007,0.416209
-0.7406,0.630309,0.361511
-0.8208,0.370632,0.338213
-0.8947,0.370091,0.314949
-0.9629,0.370483,0.293477
-1.0248,0.368062,0.274014
-1.0802,0.363963,0.256614
-1.1701,0.490123,0.22736
-1.2039,0.333399,0.217923
-1.229,0.317235,0.21017
-1.2463,0.30228,0.204867
-1.2557,0.285483,0.202068
-1.2508,0.246606,0.203944
-1.2364,0.220172,0.208719
-1.2215,0.220578,0.21345
-1.2858,0.476181,0.191293
-1.3387,0.457916,0.174796
-1.3819,0.442983,0.161332
-1.4153,0.425924,0.150975
-1.4388,0.40668,0.143756
-1.4523,0.385189,0.139706
-1.4558,0.361712,0.138824
-1.4328,0.283343,0.146708
-1.4065,0.273809,0.155113
-1.3721,0.248118,0.166191
-1.3322,0.228966,0.178953
-1.285,0.202766,0.194068
-1.2293,0.171044,0.211902
-1.0934,-0.0923628,0.25676
-0.9265,-0.215037,0.310324
-0.8342,-0.00636,0.337871
-0.738,-0.034348,0.368428
-0.5397,-0.378149,0.433546
-0.4334,-0.121676,0.465133
-0.2167,-0.495349,0.536266
-0.1057,-0.200026,0.569032
-0.0528,-0.0360948,0.584473
-0.089,0.238801,0.570992
-0.1242,0.243338,0.559866
-0.1563,0.241083,0.549769
-0.2098,0.316822,0.53234
-0.2308,0.224446,0.526423
-0.2472,0.214914,0.521333
-0.2593,0.205472,0.517598
-0.267,0.19488,0.515259
-0.2704,0.183741,0.514279
-0.2694,0.171419,0.514695
-0.264,0.158195,0.516505
-0.24,0.0985548,0.524527
-0.2306,0.141397,0.527174
-0.2843,0.342574,0.508739
-0.3949,0.536974,0.472421
-0.5084,0.570408,0.436407
-0.7136,0.889402,0.369339
-0.8041,0.566618,0.34327
-0.8859,0.560422,0.317558
-0.9583,0.550535,0.294839
-1.0211,0.53838,0.275166
-1.0738,0.522915,0.258702
-1.1161,0.504639,0.24554
-1.1478,0.48377,0.235739
-1.1686,0.459905,0.229398
-1.1787,0.43454,0.226441
-1.1663,0.369225,0.230877
-1.1439,0.33932,0.238198
-1.1112,0.306325,0.248788
-1.0865,0.329731,0.25643
-1.1305,0.549153,0.24094
-1.1909,0.615197,0.221439
-1.2416,0.601203,0.2056
-1.28,0.577103,0.193716
-1.3061,0.550648,0.185727
-1.3205,0.52371,0.181431
-1.3088,0.448305,0.185727
-1.2847,0.411424,0.193641
-1.2008,0.220047,0.221567
-1.1415,0.286553,0.239793
-1.0724,0.247622,0.261901
-0.904,-0.0803416,0.317484
-0.8055,0.11288,0.347101
-0.7005,0.0751824,0.380505
-0.4678,-0.352586,0.457097
-0.3411,-0.058562,0.494829
-0.2104,-0.0958604,0.536316
-0.0751,-0.13642,0.579274
0.2035,-0.622854,0.532641
0.3241,-0.17427,0.49462
0.4218,-0.126798,0.464193
0.5167,-0.139444,0.434199
0.7121,-0.482873,0.370036
0.8119,-0.21928,0.340589
0.91,-0.23744,0.309556
1.0077,-0.259811,0.27862
1.2005,-0.588473,0.215404
1.2947,-0.316692,0.187798
1.385,-0.328592,0.159285
1.5566,-0.613038,0.103095
1.6373,-0.363028,0.079591
1.7124,-0.368097,0.0559312
1.7828,-0.375208,0.0337396
1.909,-0.575484,-0.00749393
1.9642,-0.381381,-0.0233716
2.0122,-0.37743,-0.0384118
2.0516,-0.367716,-0.0506965
2.0499,-0.252276,-0.0492284
2.0102,-0.138377,-0.0357947
1.9826,-0.177087,-0.0273266
1.951,-0.166571,-0.0172274
1.9153,-0.154792,-0.0058274
1.8756,-0.142355,0.00683729
1.7847,0.0222864,0.0367862
1.7337,-0.0941484,0.052037
1.6804,-0.08331,0.0689708
1.6241,-0.0695464,0.0868706
1.565,-0.0555864,0.105653
1.4388,0.165198,0.147142
1.3722,-0.0057704,0.166888
1.2378,0.219558,0.21099
1.1692,0.0312016,0.23123
1.1012,0.0385968,0.252754
1.0326,0.0499864,0.274495
0.8935,0.285732,0.320147
0.8183,0.105799,0.34252
0.7342,0.146382,0.369358
0.6477,0.168292,0.39681
0.476,0.456328,0.45312
0.392,0.20846,0.477741
0.3117,0.212173,0.503091
0.2335,0.220579,0.527812
0.1577,0.227908,0.551766
0.0138,0.460933,0.598884
-0.054,0.246409,0.581987
-0.1169,0.244756,0.561551
-0.1763,0.246842,0.542817
-0.2845,0.41602,0.507443
-0.3329,0.247631,0.493466
-0.3759,0.241535,0.479968
-0.4147,0.238354,0.467774
-0.4795,0.331232,0.446662
-0.5053,0.221413,0.439372
-0.5259,0.212036,0.432965
-0.542,0.203924,0.427968
-0.5537,0.195279,0.424361
-0.5637,0.194434,0.421233
-0.5621,0.161562,0.422002
-0.5561,0.149387,0.424002
-0.5459,0.13693,0.427327
-0.5134,0.065584,0.438125
-0.4913,0.0943292,0.44489
-0.4657,0.080572,0.453077
-0.4043,-0.0374908,0.473334
-0.3686,0.0339436,0.48406
-0.3306,0.020766,0.496148
-0.29,0.006006,0.509066
-0.2469,-0.0091264,0.522774
-0.1538,-0.177131,0.553393
-0.1042,-0.0561344,0.568119
-0.0541,-0.067438,0.583998
-0.0027,-0.0816072,0.600307
0.1031,-0.26638,0.565074
0.1572,-0.122728,0.548986
0.2097,-0.129267,0.532394
0.2616,-0.138894,0.515969
0.3622,-0.306562,0.483005
0.4113,-0.163528,0.468618
0.4583,-0.168461,0.453779
0.5042,-0.176358,0.439266
0.5488,-0.183573,0.425169
0.6333,-0.322706,0.397503
0.6729,-0.198618,0.385976
0.7094,-0.199455,0.374485
0.7437,-0.20269,0.363671
0.8049,-0.29885,0.343679
0.8317,-0.204336,0.335969
0.855,-0.201916,0.328668
0.8753,-0.200478,0.322306
0.8927,-0.198828,0.316861
0.9185,-0.232862,0.308499
0.9267,-0.185409,0.3063
0.9315,-0.179895,0.304857
0.9317,-0.169862,0.304897
0.927,-0.15793,0.306497
0.9193,-0.151067,0.309003
0.9085,-0.143241,0.312494
0.8947,-0.13506,0.316933
0.8583,-0.0634132,0.328973
0.8358,-0.103956,0.335785
0.8111,-0.0956608,0.343658
0.7539,0.0102636,0.36251
0.7217,-0.0611832,0.372144
0.6879,-0.0523748,0.382885
0.6145,0.0786472,0.407029
0.5751,-0.0177732,0.418739
0.5351,-0.0101136,0.431422
0.4937,0.0003916,0.444566
0.4512,0.0103868,0.458052
0.3697,0.142208,0.484748
0.3562,-0.0605168,0.487486
0.309,0.0487872,0.503198
0.2727,0.0222564,0.514449
0.2444,0.0029388,0.523231
0.1943,0.0775816,0.539592
0.1692,0.0069248,0.546977
0.1443,0.0107276,0.554859
0.0942,0.0959708,0.571297
0.0691,0.0257144,0.578682
0.0447,0.0283156,0.586394
0.0204,0.032794,0.594088
-0.0271,0.112002,0.591265
-0.0504,0.044264,0.58351
-0.0725,0.045374,0.576537
-0.0941,0.0485704,0.569707
-0.1149,0.05079,0.563137
-0.135,0.05325,0.556787
-0.1726,0.11396,0.544482
-0.1901,0.0579208,0.539394
-0.2061,0.0574452,0.53436
-0.2348,0.102224,0.524982
-0.2475,0.0577544,0.521322
-0.2585,0.0558884,0.517876
-0.2683,0.0553216,0.514799
-0.2768,0.0542288,0.512137
-0.2839,0.0525844,0.509919
-0.2942,0.0654212,0.506585
-0.2973,0.0456304,0.505766
-0.2989,0.042646,0.505293
-0.2991,0.0396824,0.505261
-0.298,0.0367544,0.505639
-0.2917,0.0210612,0.507752
-0.2866,0.0247876,0.50934
-0.2726,-0.003622,0.513976
-0.2638,0.0112732,0.516645
-0.2431,-0.0275944,0.523471
-0.2313,-0.0023292,0.527007
-0.2186,-0.0066948,0.53105
-0.2051,-0.0109744,0.535344
-0.1756,-0.064172,0.545049
-0.1597,-0.0259132,0.549778
-0.1435,-0.0294792,0.554916
-0.1095,-0.0892412,0.566087
-0.0918,-0.043514,0.571324
-0.0567,-0.102507,0.582835
-0.0391,-0.0533708,0.588014
-0.022,-0.0552028,0.593419
-0.0049,-0.0586032,0.598835
0.0288,-0.115258,0.590338
0.0453,-0.0671396,0.585279
0.076,-0.116184,0.575234
0.0904,-0.0705252,0.571042
0.1038,-0.0706204,0.56682
0.1167,-0.0721672,0.562746
0.1351,-0.0928876,0.556793
0.175,-0.166068,0.54367
0.2287,-0.219122,0.526349
0.2877,-0.247973,0.507542
0.4232,-0.506266,0.462895
0.4871,-0.306194,0.444275
0.5998,-0.477534,0.407476
0.6492,-0.30011,0.393261
0.7301,-0.413711,0.366925
0.7624,-0.27742,0.357794
